# n_carbon( psi ) in m^-3 ON THE CURVE R = 2.54914065489639519e-01, which
# is what meq's gauge phi_0( R_ref, psi ) = 0 makes N_s of (96) mean.
# NOT geq's N_s: see the module docstring for why no single rescaling
# relates the two.
#
#    psi            f( psi )        f'( psi )
5.63780116139572449e-03 6.64743534311509248e+17 1.35451397099819274e+19
5.69684742287450158e-03 6.65548833198259072e+17 1.37313700469544161e+19
5.75589368435327955e-03 6.66365062896703104e+17 1.39153878425239634e+19
5.81493994583205664e-03 6.67192093196789120e+17 1.40972077075740058e+19
5.87398620731083374e-03 6.68029794745847936e+17 1.42768440740979692e+19
5.93303246878961084e-03 6.68878039038259328e+17 1.44543111983750226e+19
5.99207873026838880e-03 6.69736698404968192e+17 1.46296231639193231e+19
6.05112499174716590e-03 6.70605646003542912e+17 1.48027938842243523e+19
6.11017125322594300e-03 6.71484755808070656e+17 1.49738371052840264e+19
6.16921751470472096e-03 6.72373902599431424e+17 1.51427664079063060e+19
6.22826377618349806e-03 6.73272961955602176e+17 1.53095952098138501e+19
6.28731003766227516e-03 6.74181810241997696e+17 1.54743367675302052e+19
6.34635629914105225e-03 6.75100324602134784e+17 1.56370041780653343e+19
6.40540256061983022e-03 6.76028382948117248e+17 1.57976103803847496e+19
6.46444882209860731e-03 6.76965863951461248e+17 1.59561681566819635e+19
6.52349508357738441e-03 6.77912647033794816e+17 1.61126901334412165e+19
6.58254134505616151e-03 6.78868612357734144e+17 1.62671887823020708e+19
6.64158760653493947e-03 6.79833636058947328e+17 1.64194344923445105e+19
6.70063386801371657e-03 6.80807575891820416e+17 1.65691951610687468e+19
6.75968012949249367e-03 6.81790285374545280e+17 1.67164792381566464e+19
6.81872639097127163e-03 6.82781618517563392e+17 1.68612949490774016e+19
6.87777265245004873e-03 6.83781429810462976e+17 1.70036502961143112e+19
6.93681891392882582e-03 6.84789574208688768e+17 1.71435530591797166e+19
6.99586517540760379e-03 6.85805907120593280e+17 1.72810107964388966e+19
7.05491143688638089e-03 6.86830284394243584e+17 1.74160308447268803e+19
7.11395769836515798e-03 6.87862558981178624e+17 1.75484513672253174e+19
7.17300395984393508e-03 6.88902570901700480e+17 1.76781085307029586e+19
7.23205022132271218e-03 6.89950157108403072e+17 1.78050063088022569e+19
7.29109648280149014e-03 6.91005171205543168e+17 1.79302586980451389e+19
7.35014274428026724e-03 6.92067609497725440e+17 1.80565842944887869e+19
7.40918900575904434e-03 6.93137543141683200e+17 1.81841466059633295e+19
7.46823526723782230e-03 6.94215046450451968e+17 1.83129893982141460e+19
7.52728152871659940e-03 6.95300196336018048e+17 1.84431569350476943e+19
7.58632779019537649e-03 6.96393068859267712e+17 1.85745170760500716e+19
7.64537405167415446e-03 6.97493728762690816e+17 1.87069361866208502e+19
7.70442031315293156e-03 6.98602239833785728e+17 1.88404569959964221e+19
7.76346657463170865e-03 6.99718668396190720e+17 1.89751226771168829e+19
7.82251283611048662e-03 7.00843083335784192e+17 1.91109768462567424e+19
7.88155909758926285e-03 7.01975556126963072e+17 1.92480635626671227e+19
7.94060535906804081e-03 7.03116160858654592e+17 1.93864273282149294e+19
7.99965162054681878e-03 7.04264974260581760e+17 1.95261130870480200e+19
8.05869788202559501e-03 7.05422072614969344e+17 1.96670078750443643e+19
8.11774414350437297e-03 7.06587522382528256e+17 1.98089972224116695e+19
8.17679040498315093e-03 7.07761389469552640e+17 1.99521244361887908e+19
8.23583666646192716e-03 7.08943742350863232e+17 2.00964332092077507e+19
8.29488292794070513e-03 7.10134652092521216e+17 2.02419676192004096e+19
8.35392918941948309e-03 7.11334192374568832e+17 2.03887721279242854e+19
8.41297545089825932e-03 7.12542439513700352e+17 2.05368915803103764e+19
8.47202171237703729e-03 7.13759471432512512e+17 2.06862591927406060e+19
8.53106797385581525e-03 7.14985338915757056e+17 2.08360390309359985e+19
8.59011423533459148e-03 7.16220055197827840e+17 2.09859889633096827e+19
8.64916049681336944e-03 7.17463631297600896e+17 2.11361420501775442e+19
8.70820675829214567e-03 7.18716080189772288e+17 2.12865314802782577e+19
8.76725301977092364e-03 7.19977416812462080e+17 2.14371905677277880e+19
8.82629928124969987e-03 7.21247658074474112e+17 2.15881527489045094e+19
8.88534554272847783e-03 7.22526822862464640e+17 2.17394515792819487e+19
8.94439180420725580e-03 7.23814932047798016e+17 2.18911207302014034e+19
9.00343806568603203e-03 7.25112006079886336e+17 2.20430712442362511e+19
9.06248432716480999e-03 7.26418057696946816e+17 2.21952123996729672e+19
9.12153058864358796e-03 7.27733099075026688e+17 2.23475753461985772e+19
9.18057685012236419e-03 7.29057144230925696e+17 2.25001912837514568e+19
9.23962311160114215e-03 7.30390209025104128e+17 2.26530914589191045e+19
9.29866937307992011e-03 7.31732311164309504e+17 2.28063071612923863e+19
9.35771563455869634e-03 7.33083470203956736e+17 2.29598697197794386e+19
9.41676189603747431e-03 7.34443707550436992e+17 2.31138104988940083e+19
9.47580815751625227e-03 7.35813044483041792e+17 2.32680601850959995e+19
9.53485441899502850e-03 7.37191496163150080e+17 2.34225477074359828e+19
9.59390068047380647e-03 7.38579077482576128e+17 2.35773017996258468e+19
9.65294694195258443e-03 7.39975805028846720e+17 2.37323511667071836e+19
9.71199320343136066e-03 7.41381697083539712e+17 2.38877244811208294e+19
9.77103946491013862e-03 7.42796773780839040e+17 2.40434623297360814e+19
9.83008572638891659e-03 7.44221058713054976e+17 2.41996304318598963e+19
9.88913198786769282e-03 7.45654578296103936e+17 2.43562610308629135e+19
9.94817824934647078e-03 7.47097359208559104e+17 2.45133071589105541e+19
1.00072245108252487e-02 7.48549423805085440e+17 2.46707201432362557e+19
1.00662707723040250e-02 7.50010794546774400e+17 2.48285270526711521e+19
1.01253170337828012e-02 7.51481495490420352e+17 2.49867548675751608e+19
1.01843632952615809e-02 7.52961552283175040e+17 2.51454304758314721e+19
1.02434095567403571e-02 7.54450992157044864e+17 2.53045806688438764e+19
1.03024558182191334e-02 7.55949843922962304e+17 2.54642321375317524e+19
1.03615020796979113e-02 7.57458137964839936e+17 2.56244114683416699e+19
1.04205483411766893e-02 7.58975905226091904e+17 2.57850938748016148e+19
1.04795946026554655e-02 7.60503174136653568e+17 2.59462529245010412e+19
1.05386408641342435e-02 7.62039973547443328e+17 2.61079125356985876e+19
1.05976871256130215e-02 7.63586333716949120e+17 2.62700964655353774e+19
1.06567333870917977e-02 7.65142286301538432e+17 2.64328283062046679e+19
1.07157796485705756e-02 7.66707864345684736e+17 2.65961314811494892e+19
1.07748259100493536e-02 7.68283102271848192e+17 2.67600292412803113e+19
1.08338721715281298e-02 7.69868035870157184e+17 2.69245446612210688e+19
1.08929184330069078e-02 7.71462701796308864e+17 2.70896755709785866e+19
1.09519646944856858e-02 7.73067136045168640e+17 2.72554182346168074e+19
1.10110109559644620e-02 7.74681375342610048e+17 2.74217930753911808e+19
1.10700572174432400e-02 7.76305457613703296e+17 2.75888202898117059e+19
1.11291034789220179e-02 7.77939421742201984e+17 2.77564893720029143e+19
1.11881497404007942e-02 7.79583297704969344e+17 2.79245060142533468e+19
1.12471960018795721e-02 7.81237102623540736e+17 2.80928027875892879e+19
1.13062422633583501e-02 7.82900853450394752e+17 2.82613935875517604e+19
1.13652885248371263e-02 7.84574567977880448e+17 2.84302933789741752e+19
1.14243347863159043e-02 7.86258264869777536e+17 2.85995155754344448e+19
1.14833810477946822e-02 7.87951963490947584e+17 2.87690712288804127e+19
1.15424273092734585e-02 7.89655683848025088e+17 2.89389710248442839e+19
1.16014735707522347e-02 7.91369446567778944e+17 2.91092252793355919e+19
1.16605198322310144e-02 7.93093272875031808e+17 2.92798439357579428e+19
1.17195660937097906e-02 7.94827184570703616e+17 2.94508365618802196e+19
1.17786123551885669e-02 7.96571204009458816e+17 2.96222123468353126e+19
1.18376586166673466e-02 7.98325354621923584e+17 2.97940077036983910e+19
1.18967048781461228e-02 8.00089662494819712e+17 2.99662576027149353e+19
1.19557511396248990e-02 8.01864154658990336e+17 3.01389684737423933e+19
1.20147974011036770e-02 8.03648858512782976e+17 3.03121463323871560e+19
1.20738436625824549e-02 8.05443801797415552e+17 3.04857967776728392e+19
1.21328899240612312e-02 8.07249012572349824e+17 3.06599249897560719e+19
1.21919361855400091e-02 8.09064519190537088e+17 3.08345357276831539e+19
1.22509824470187871e-02 8.10890350273388928e+17 3.10096333271810376e+19
1.23100287084975633e-02 8.12726535732023680e+17 3.11852747979001692e+19
1.23690749699763413e-02 8.14573109854210816e+17 3.13615158251541053e+19
1.24281212314551193e-02 8.16430108093757568e+17 3.15383581032430756e+19
1.24871674929338955e-02 8.18297565991238272e+17 3.17158028771360276e+19
1.25462137544126735e-02 8.20175519147455232e+17 3.18938509410618450e+19
1.26052600158914514e-02 8.22064002371617792e+17 3.20724291623729684e+19
1.26643062773702277e-02 8.23963036533077248e+17 3.22511990335421932e+19
1.27233525388490056e-02 8.25872630658418944e+17 3.24301123945192489e+19
1.27823988003277836e-02 8.27792794530079232e+17 3.26092393137888420e+19
1.28414450618065598e-02 8.29723543558166016e+17 3.27886485754996736e+19
1.29004913232853378e-02 8.31664894133098368e+17 3.29683305730238710e+19
1.29595375847641157e-02 8.33616862061592576e+17 3.31482751433741189e+19
1.30185838462428920e-02 8.35579462533831168e+17 3.33284715666202624e+19
1.30776301077216682e-02 8.37552710090596096e+17 3.35089085653348024e+19
1.31366763692004479e-02 8.39536618590300928e+17 3.36895743040662282e+19
1.31957226306792241e-02 8.41531201176037504e+17 3.38704563888445194e+19
1.32547688921580004e-02 8.43536472218653568e+17 3.40516422300530074e+19
1.33138151536367801e-02 8.45552453194440320e+17 3.42332180818732401e+19
1.33728614151155563e-02 8.47579166692822272e+17 3.44151689732201021e+19
1.34319076765943325e-02 8.49616634402653440e+17 3.45974793684834714e+19
1.34909539380731105e-02 8.51664877078705152e+17 3.47801331679235482e+19
1.35500001995518884e-02 8.53723914508547328e+17 3.49631137081021358e+19
1.36090464610306647e-02 8.55793765479194496e+17 3.51464037623068303e+19
1.36680927225094426e-02 8.57874447743832832e+17 3.53299855409905091e+19
1.37271389839882206e-02 8.59965980380815744e+17 3.55139622008470856e+19
1.37861852454669968e-02 8.62068390922943488e+17 3.56984358718613996e+19
1.38452315069457748e-02 8.64181708124123520e+17 3.58833863829086290e+19
1.39042777684245528e-02 8.66305959530730752e+17 3.60687930043844690e+19
1.39633240299033290e-02 8.68441171448649472e+17 3.62546344495384740e+19
1.40223702913821070e-02 8.70587368910489856e+17 3.64408888757963121e+19
1.40814165528608849e-02 8.72744575642681216e+17 3.66275338860545966e+19
1.41404628143396612e-02 8.74912813939752320e+17 3.68145289936198246e+19
1.41995090758184391e-02 8.77092098141221888e+17 3.70016543233915290e+19
1.42585553372972171e-02 8.79282434854877952e+17 3.71888915346203607e+19
1.43176015987759933e-02 8.81483829732930432e+17 3.73762082091852431e+19
1.43766478602547713e-02 8.83696286494986112e+17 3.75635713058728018e+19
1.44356941217335475e-02 8.85919806891298432e+17 3.77509471625958441e+19
1.44947403832123255e-02 8.88154390666277632e+17 3.79383014986028073e+19
1.45537866446911034e-02 8.90400035521975936e+17 3.81255994166629663e+19
1.46128329061698797e-02 8.92656737081706368e+17 3.83128054052419994e+19
1.46718791676486576e-02 8.94924491959310592e+17 3.85000411028590756e+19
1.47309254291274356e-02 8.97203307031926016e+17 3.86874272938457006e+19
1.47899716906062118e-02 8.99493190075628928e+17 3.88749262814580736e+19
1.48490179520849898e-02 9.01794146623190144e+17 3.90624997786827735e+19
1.49080642135637677e-02 9.04106179929279616e+17 3.92501089112058266e+19
1.49671104750425440e-02 9.06429290936005376e+17 3.94377142203490222e+19
1.50261567365213219e-02 9.08763478238289024e+17 3.96252756659453542e+19
1.50852029980000982e-02 9.11108738049863296e+17 3.98127526292013466e+19
1.51442492594788761e-02 9.13465067566905472e+17 4.00002765472687145e+19
1.52032955209576541e-02 9.15832475123453440e+17 4.01879781277751951e+19
1.52623417824364303e-02 9.18210969956097152e+17 4.03758148136062730e+19
1.53213880439152083e-02 9.20600558772427776e+17 4.05637435015278510e+19
1.53804343053939863e-02 9.23001245718905856e+17 4.07517205457192714e+19
1.54394805668727625e-02 9.25413032348958976e+17 4.09397017612334694e+19
1.54985268283515405e-02 9.27835917591253120e+17 4.11276424273868636e+19
1.55575730898303184e-02 9.30269897718098304e+17 4.13154972910815724e+19
1.56166193513090946e-02 9.32714969960549504e+17 4.15034058317589381e+19
1.56756656127878743e-02 9.35171143414163840e+17 4.16915069202823578e+19
1.57347118742666506e-02 9.37638428064954496e+17 4.18797536215656120e+19
1.57937581357454268e-02 9.40116830673088000e+17 4.20680525192100823e+19
1.58528043972242030e-02 9.42606344334979072e+17 4.22560618155525816e+19
1.59118506587029793e-02 9.45106947845072768e+17 4.24436759088788849e+19
1.59708969201817590e-02 9.47618616244252288e+17 4.26308397073155031e+19
1.60299431816605387e-02 9.50141321304642816e+17 4.28174975829759017e+19
1.60889894431393149e-02 9.52675035348971648e+17 4.30037890349895270e+19
1.61480357046180911e-02 9.55219742771671424e+17 4.31898530129828495e+19
1.62070819660968674e-02 9.57775428454367232e+17 4.33756322959356805e+19
1.62661282275756436e-02 9.60342073885474944e+17 4.35610691741468508e+19
1.63251744890544233e-02 9.62919657131548416e+17 4.37461054536697201e+19
1.63842207505332030e-02 9.65508152808924288e+17 4.39306824606668554e+19
1.64432670120119792e-02 9.68107532055268480e+17 4.41147410456699126e+19
1.65023132734907554e-02 9.70717762501837824e+17 4.42982215878014321e+19
1.65613595349695317e-02 9.73338812258209408e+17 4.44812678673597071e+19
1.66204057964483079e-02 9.75970661923086976e+17 4.46640232305575117e+19
1.66794520579270876e-02 9.78613292521933440e+17 4.48464267373697516e+19
1.67384983194058638e-02 9.81266681469459584e+17 4.50284170288608788e+19
1.67975445808846435e-02 9.83930802545163008e+17 4.52099323317498020e+19
1.68565908423634198e-02 9.86605625868858880e+17 4.53909104628610744e+19
1.69156371038421960e-02 9.89291117876789888e+17 4.55712888335111782e+19
1.69746833653209722e-02 9.91987241297596160e+17 4.57510044537929646e+19
1.70337296267997519e-02 9.94693959261388928e+17 4.59302039009089290e+19
1.70927758882785281e-02 9.97411247675667712e+17 4.61090334296949473e+19
1.71518221497573078e-02 1.00013908280938790e+18 4.62874290069229650e+19
1.72108684112360841e-02 1.00287743714036787e+18 4.64653262544997171e+19
1.72699146727148603e-02 1.00562627933508211e+18 4.66426604539770388e+19
1.73289609341936365e-02 1.00838557422868032e+18 4.68193665509543526e+19
1.73880071956724128e-02 1.01115528280528973e+18 4.69953791593908470e+19
1.74470534571511925e-02 1.01393536217849920e+18 4.71706325658318930e+19
1.75060997186299722e-02 1.01672576975466842e+18 4.73452680820246282e+19
1.75651459801087484e-02 1.01952647135699302e+18 4.75192612265459220e+19
1.76241922415875246e-02 1.02233742370202163e+18 4.76924668444149596e+19
1.76832385030663009e-02 1.02515857819681229e+18 4.78648140122310246e+19
1.77422847645450771e-02 1.02798988205201472e+18 4.80362315129698959e+19
1.78013310260238568e-02 1.03083127826457779e+18 4.82066478405850481e+19
1.78603772875026365e-02 1.03368270560086989e+18 4.83759912045501481e+19
1.79194235489814127e-02 1.03654409858003622e+18 4.85441895343444132e+19
1.79784698104601889e-02 1.03941539171308275e+18 4.87113867086777303e+19
1.80375160719389652e-02 1.04229653225766400e+18 4.88777264697615319e+19
1.80965623334177414e-02 1.04518746744290304e+18 4.90431361687001170e+19
1.81556085948965211e-02 1.04808814020198208e+18 4.92075429385941484e+19
1.82146548563752973e-02 1.05099848915910451e+18 4.93708736990584832e+19
1.82737011178540770e-02 1.05391844861724275e+18 4.95330551607000023e+19
1.83327473793328533e-02 1.05684794854586176e+18 4.96940138295144366e+19
1.83917936408116295e-02 1.05978691456883533e+18 4.98536760112336650e+19
1.84508399022904057e-02 1.06273527221656730e+18 5.00121844488459387e+19
1.85098861637691854e-02 1.06569295970987981e+18 5.01696818547320259e+19
1.85689324252479616e-02 1.06865991516730394e+18 5.03260942352420782e+19
1.86279786867267413e-02 1.07163607233420096e+18 5.04813474590559601e+19
1.86870249482055176e-02 1.07462136057482483e+18 5.06353672614996787e+19
1.87460712096842938e-02 1.07761570486454413e+18 5.07880792487933460e+19
1.88051174711630700e-02 1.08061902578233984e+18 5.09394089022475796e+19
1.88641637326418497e-02 1.08363123950358682e+18 5.10892815824250225e+19
1.89232099941206260e-02 1.08665226203233574e+18 5.12378379379382354e+19
1.89822562555994057e-02 1.08968202191827635e+18 5.13852186907987640e+19
1.90413025170781819e-02 1.09272044754245504e+18 5.15313491771859763e+19
1.91003487785569581e-02 1.09576746287550682e+18 5.16761546746951107e+19
1.91593950400357343e-02 1.09882298747443648e+18 5.18195604063835750e+19
1.92184413015145106e-02 1.10188693647938496e+18 5.19614915447516938e+19
1.92774875629932903e-02 1.10495922061086925e+18 5.21018732156998287e+19
1.93365338244720700e-02 1.10803974600355546e+18 5.22406142955736842e+19
1.93955800859508462e-02 1.11112841499218445e+18 5.23777592668055224e+19
1.94546263474296224e-02 1.11422513871356838e+18 5.25134293606835651e+19
1.95136726089083987e-02 1.11732982781430707e+18 5.26475477772916326e+19
1.95727188703871749e-02 1.12044238840646950e+18 5.27800377261193462e+19
1.96317651318659546e-02 1.12356272206837722e+18 5.29108224300754452e+19
1.96908113933447308e-02 1.12669072584541504e+18 5.30398251294637343e+19
1.97498576548235105e-02 1.12982629225119219e+18 5.31669690859517788e+19
1.98089039163022868e-02 1.13296930926895642e+18 5.32921775865406587e+19
1.98679501777810630e-02 1.13611966445844749e+18 5.34155825412952719e+19
1.99269964392598392e-02 1.13927725728046387e+18 5.35373161297406853e+19
1.99860427007386189e-02 1.14244198679625894e+18 5.36573021261387121e+19
2.00450889622173951e-02 1.14561374756872422e+18 5.37754643900411331e+19
2.01041352236961748e-02 1.14879242966752102e+18 5.38917268700736963e+19
2.01631814851749511e-02 1.15197791867455398e+18 5.40060136077176504e+19
2.02222277466537273e-02 1.15517009568942362e+18 5.41182487410812846e+19
2.02812740081325035e-02 1.15836883733537971e+18 5.42283565087014420e+19
2.03403202696112832e-02 1.16157401976606234e+18 5.43364645429174682e+19
2.03993665310900595e-02 1.16478553068220826e+18 5.44427008475841167e+19
2.04584127925688392e-02 1.16800325734976819e+18 5.45469904123537654e+19
2.05174590540476154e-02 1.17122708261046477e+18 5.46492583847588250e+19
2.05765053155263916e-02 1.17445688489084723e+18 5.47494300737668055e+19
2.06355515770051678e-02 1.17769253821217920e+18 5.48474309533773005e+19
2.06945978384839441e-02 1.18093391220018637e+18 5.49431866662193889e+19
2.07536440999627238e-02 1.18418087209512422e+18 5.50366230271851561e+19
2.08126903614415035e-02 1.18743328263713792e+18 5.51278629277637755e+19
2.08717366229202797e-02 1.19069101971050726e+18 5.52170297319067566e+19
2.09307828843990559e-02 1.19395395874513152e+18 5.53040502625261650e+19
2.09898291458778322e-02 1.19722197085666022e+18 5.53888515691344937e+19
2.10488754073566084e-02 1.20049492286021402e+18 5.54713609312451052e+19
2.11079216688353881e-02 1.20377267728381798e+18 5.55515058617691259e+19
2.11669679303141643e-02 1.20705509238238182e+18 5.56292141104659169e+19
2.12260141917929440e-02 1.21034202213315072e+18 5.57044109202103992e+19
2.12850604532717202e-02 1.21363331896767514e+18 5.57771804807466762e+19
2.13441067147504965e-02 1.21692884444631987e+18 5.58476305179931853e+19
2.14031529762292762e-02 1.22022845949347482e+18 5.59156893931336417e+19
2.14621992377080524e-02 1.22353202081213875e+18 5.59812857574970409e+19
2.15212454991868286e-02 1.22683938090094720e+18 5.60443485558656205e+19
2.15802917606656049e-02 1.23015038807186688e+18 5.61048070298462208e+19
2.16393380221443846e-02 1.23346488646763853e+18 5.61625907212629606e+19
2.16983842836231608e-02 1.23678271607968128e+18 5.62176294756209213e+19
2.17574305451019370e-02 1.24010371633566746e+18 5.62700348304390472e+19
2.18164768065807167e-02 1.24342773683715456e+18 5.63199189927306854e+19
2.18755230680594930e-02 1.24675462668838042e+18 5.63672133034065674e+19
2.19345693295382692e-02 1.25008423094985728e+18 5.64118494543109407e+19
2.19936155910170489e-02 1.25341639065929651e+18 5.64537594914291876e+19
2.20526618524958251e-02 1.25675094285235174e+18 5.64928758181230592e+19
2.21117081139746013e-02 1.26008772058415386e+18 5.65291311984569221e+19
2.21707543754533810e-02 1.26342655295040026e+18 5.65624587605531771e+19
2.22298006369321573e-02 1.26676726850381773e+18 5.65929645019963392e+19
2.22888468984109335e-02 1.27010970547181517e+18 5.66207551864342446e+19
2.23478931598897132e-02 1.27345370161513267e+18 5.66457656697094308e+19
2.24069394213684894e-02 1.27679909086002381e+18 5.66679312148129628e+19
2.24659856828472657e-02 1.28014570332238106e+18 5.66871874949877678e+19
2.25250319443260454e-02 1.28349336533205120e+18 5.67034705968898130e+19
2.25840782058048216e-02 1.28684189945724979e+18 5.67167170238095933e+19
2.26431244672835978e-02 1.29019112452938675e+18 5.67268636989755228e+19
2.27021707287623775e-02 1.29354085887600358e+18 5.67340109905947279e+19
2.27612169902411537e-02 1.29689092998272845e+18 5.67382601267079414e+19
2.28202632517199300e-02 1.30024116491740083e+18 5.67395499794109317e+19
2.28793095131987097e-02 1.30359138715197594e+18 5.67378198793660170e+19
2.29383557746774859e-02 1.30694141658976666e+18 5.67330096188223324e+19
2.29974020361562621e-02 1.31029106959268813e+18 5.67250594546932285e+19
2.30564482976350384e-02 1.31364015900890163e+18 5.67139101117125263e+19
2.31154945591138181e-02 1.31698849420034304e+18 5.66995027856494920e+19
2.31745408205925943e-02 1.32033588408276608e+18 5.66819321969956864e+19
2.32335870820713705e-02 1.32368214606214912e+18 5.66612843848967127e+19
2.32926333435501502e-02 1.32702709592923776e+18 5.66374782013486039e+19
2.33516796050289265e-02 1.33037054545323059e+18 5.66104557272464507e+19
2.34107258665077027e-02 1.33371230306095718e+18 5.65801607087391621e+19
2.34697721279864824e-02 1.33705217387270605e+18 5.65465374033338368e+19
2.35288183894652586e-02 1.34038995973249178e+18 5.65095305830320374e+19
2.35878646509440348e-02 1.34372545923862451e+18 5.64690855375461908e+19
2.36469109124228145e-02 1.34705847058214554e+18 5.64252907658418749e+19
2.37059571739015908e-02 1.35038880001605606e+18 5.63782358031369585e+19
2.37650034353803670e-02 1.35371625348983552e+18 5.63278682924075663e+19
2.38240496968591467e-02 1.35704063387760000e+18 5.62741364237793116e+19
2.38830959583379229e-02 1.36036174101051110e+18 5.62169889374567875e+19
2.39421422198166992e-02 1.36367937170941056e+18 5.61563751267198484e+19
2.40011884812954789e-02 1.36699331981742976e+18 5.60922448409792266e+19
2.40602347427742551e-02 1.37030337623305626e+18 5.60245484889147064e+19
2.41192810042530313e-02 1.37360933154100275e+18 5.59533690711383491e+19
2.41783272657318110e-02 1.37691098385586125e+18 5.58787907052984238e+19
2.42373735272105872e-02 1.38020813109025075e+18 5.58007663331757752e+19
2.42964197886893635e-02 1.38350056839538995e+18 5.57192494803778847e+19
2.43554660501681432e-02 1.38678808819579904e+18 5.56341942591848202e+19
2.44145123116469194e-02 1.39007048022377498e+18 5.55455553714386534e+19
2.44735585731256956e-02 1.39334753155438362e+18 5.54532881115123712e+19
2.45326048346044719e-02 1.39661902664065946e+18 5.53573483693461668e+19
2.45916510960832516e-02 1.39988474973264998e+18 5.52578137958710968e+19
2.46506973575620278e-02 1.40314449208252826e+18 5.51547632334121615e+19
2.47097436190408040e-02 1.40639804485848320e+18 5.50481552672473416e+19
2.47687898805195837e-02 1.40964519680161050e+18 5.49379490977955512e+19
2.48278361419983599e-02 1.41288573426214502e+18 5.48241045433343918e+19
2.48868824034771362e-02 1.41611944123596262e+18 5.47065820427783455e+19
2.49459286649559159e-02 1.41934609940150938e+18 5.45853426585264456e+19
2.50049749264346921e-02 1.42256548815653862e+18 5.44603480793504236e+19
2.50640211879134683e-02 1.42577738682278118e+18 5.43316707928850514e+19
2.51230674493922480e-02 1.42898158120465306e+18 5.41993845450052321e+19
2.51821137108710243e-02 1.43217785715595597e+18 5.40634538625116652e+19
2.52411599723498005e-02 1.43536599845500288e+18 5.39238439130930053e+19
2.53002062338285802e-02 1.43854578654842547e+18 5.37804995792321085e+19
2.53592524953073564e-02 1.44171699797946829e+18 5.36333289614399160e+19
2.54182987567861327e-02 1.44487940563715533e+18 5.34822948045921812e+19
2.54773450182649124e-02 1.44803278040916762e+18 5.33273638608386376e+19
2.55363912797436886e-02 1.45117689318965837e+18 5.31686026700209275e+19
2.55954375412224648e-02 1.45431152078858138e+18 5.30060790936829297e+19
2.56544838027012445e-02 1.45743644015408384e+18 5.28397628588435128e+19
2.57135300641800207e-02 1.46055142646644941e+18 5.26696243590816727e+19
2.57725763256587970e-02 1.46365625317771110e+18 5.24956346571796316e+19
2.58316225871375767e-02 1.46675069205091661e+18 5.23177654877845176e+19
2.58906688486163529e-02 1.46983451320015514e+18 5.21359892601346540e+19
2.59497151100951291e-02 1.47290748513032832e+18 5.19502790608084500e+19
2.60087613715739088e-02 1.47596937651063296e+18 5.17606967681076347e+19
2.60678076330526851e-02 1.47901996143527731e+18 5.15673056326514196e+19
2.61268538945314613e-02 1.48205901429936666e+18 5.13700818197029519e+19
2.61859001560102375e-02 1.48508630811066931e+18 5.11690021771464540e+19
2.62449464174890172e-02 1.48810161453024973e+18 5.09640442379196006e+19
2.63039926789677934e-02 1.49110470391278720e+18 5.07551862224577905e+19
2.63630389404465697e-02 1.49409534534725197e+18 5.05424070411727258e+19
2.64220852019253494e-02 1.49707330669797043e+18 5.03256862969689293e+19
2.64811314634041256e-02 1.50003835616354918e+18 5.01050814743669309e+19
2.65401777248829018e-02 1.50299026689426739e+18 4.98806514703808840e+19
2.65992239863616815e-02 1.50592881251512064e+18 4.96523790457706906e+19
2.66582702478404578e-02 1.50885376565363942e+18 4.94202476540028928e+19
2.67173165093192340e-02 1.51176489798078080e+18 4.91842414434077164e+19
2.67763627707980137e-02 1.51466198025222989e+18 4.89443452593632461e+19
2.68354090322767899e-02 1.51754478234920781e+18 4.87005446464708362e+19
2.68944552937555661e-02 1.52041307332043341e+18 4.84528258507837440e+19
2.69535015552343458e-02 1.52326662272932864e+18 4.82012422389177467e+19
2.70125478167131221e-02 1.52610520463671731e+18 4.79458486188035850e+19
2.70715940781918983e-02 1.52892859376119501e+18 4.76866344472164762e+19
2.71306403396706780e-02 1.53173656421929395e+18 4.74235898775432970e+19
2.71896866011494542e-02 1.53452888956677914e+18 4.71567057616318464e+19
2.72487328626282305e-02 1.53730534284002253e+18 4.68859736516427940e+19
2.73077791241070102e-02 1.54006569659716070e+18 4.66113858018939044e+19
2.73668253855857864e-02 1.54280972295985971e+18 4.63329351707216036e+19
2.74258716470645626e-02 1.54553719471835802e+18 4.60506648201481175e+19
2.74849179085433423e-02 1.54824788536477082e+18 4.57645054302539776e+19
2.75439641700221186e-02 1.55094156309089587e+18 4.54744066646129951e+19
2.76030104315008948e-02 1.55361799515066598e+18 4.51803638737520312e+19
2.76620566929796710e-02 1.55627694854436250e+18 4.48823731234068726e+19
2.77211029544584507e-02 1.55891819006124851e+18 4.45804311965137060e+19
2.77801492159372269e-02 1.56154148632186445e+18 4.42745355951761572e+19
2.78391954774160032e-02 1.56414660382044877e+18 4.39646845426232607e+19
2.78982417388947829e-02 1.56673330986387354e+18 4.36509225613289636e+19
2.79572880003735591e-02 1.56930137532492646e+18 4.33332956576015483e+19
2.80163342618523353e-02 1.57185057203589325e+18 4.30118053527798333e+19
2.80753805233311150e-02 1.57438067193962163e+18 4.26864538765803684e+19
2.81344267848098913e-02 1.57689144713174861e+18 4.23572441686851912e+19
2.81934730462886675e-02 1.57938266990237875e+18 4.20241798802880594e+19
2.82525193077674472e-02 1.58185411277826944e+18 4.16872653756320154e+19
2.83115655692462234e-02 1.58430554856498304e+18 4.13465057335204004e+19
2.83706118307249996e-02 1.58673675108904243e+18 4.10019423607103734e+19
2.84296580922037793e-02 1.58914749736276582e+18 4.06536181422054523e+19
2.84887043536825556e-02 1.59153756556552346e+18 4.03015414330118472e+19
2.85477506151613318e-02 1.59390673439050880e+18 3.99457212850757796e+19
2.86067968766401115e-02 1.59625478308618624e+18 3.95861674484039107e+19
2.86658431381188877e-02 1.59858149149712922e+18 3.92228903721314140e+19
2.87248893995976640e-02 1.60088664010578150e+18 3.88559012055828726e+19
2.87839356610764437e-02 1.60317001007341568e+18 3.84852117992705802e+19
2.88429819225552199e-02 1.60543138379301402e+18 3.81108607227645297e+19
2.89020281840339961e-02 1.60767054648631680e+18 3.77328880044160287e+19
2.89610744455127758e-02 1.60988728475069875e+18 3.73513087181203538e+19
2.90201207069915521e-02 1.61208138609345766e+18 3.69661386165706998e+19
2.90791669684703283e-02 1.61425263897213696e+18 3.65773941318702326e+19
2.91382132299491045e-02 1.61640083283471795e+18 3.61850923760972841e+19
2.91972594914278842e-02 1.61852575815953741e+18 3.57892511418172539e+19
2.92563057529066604e-02 1.62062720649561754e+18 3.53898889025606410e+19
2.93153520143854367e-02 1.62270497083352781e+18 3.49870416490024387e+19
2.93743982758642164e-02 1.62475884665842330e+18 3.45807467970048983e+19
2.94334445373429926e-02 1.62678863103749018e+18 3.41710259592679875e+19
2.94924907988217688e-02 1.62879412233324928e+18 3.37579014024226939e+19
2.95515370603005485e-02 1.63077512024228429e+18 3.33413960470994493e+19
2.96105833217793248e-02 1.63273142583378842e+18 3.29215334679405199e+19
2.96696295832581010e-02 1.63466284134612352e+18 3.24983098061903667e+19
2.97286758447368807e-02 1.63656916286445133e+18 3.20715311884772229e+19
2.97877221062156569e-02 1.63845017913063398e+18 3.16411834713122488e+19
2.98467683676944331e-02 1.64030568045735834e+18 3.12072999438846771e+19
2.99058146291732128e-02 1.64213545883913062e+18 3.07699068251369390e+19
2.99648608906519891e-02 1.64393930783822874e+18 3.03290310043450204e+19
3.00239071521307653e-02 1.64571702262446131e+18 2.98847000413381837e+19
3.00829534136095450e-02 1.64746840001473408e+18 2.94369421666465464e+19
3.01419996750883212e-02 1.64919323851270272e+18 2.89857862815822766e+19
3.02010459365670975e-02 1.65089133834830157e+18 2.85312619582485299e+19
3.02600921980458772e-02 1.65256250151414938e+18 2.80733993168178340e+19
3.03191384595246534e-02 1.65420653181587226e+18 2.76122298450803507e+19
3.03781847210034296e-02 1.65582323495703245e+18 2.71477861481256796e+19
3.04372309824822093e-02 1.65741241858511206e+18 2.66801014687279145e+19
3.04962772439609855e-02 1.65897389232932710e+18 2.62092096869132288e+19
3.05553235054397618e-02 1.66050746783822822e+18 2.57351453194475233e+19
3.06143697669185380e-02 1.66201295881716326e+18 2.52579435192472248e+19
3.06734160283973177e-02 1.66349018106592512e+18 2.47776400747187896e+19
3.07324622898760939e-02 1.66493895236127898e+18 2.42942635823410627e+19
3.07915085513548702e-02 1.66635909204969216e+18 2.38078439355245281e+19
3.08505548128336499e-02 1.66775042158268851e+18 2.33184197933939589e+19
3.09096010743124261e-02 1.66911276471197542e+18 2.28260304130983199e+19
3.09686473357912023e-02 1.67044594752519117e+18 2.23307156487145718e+19
3.10276935972699820e-02 1.67174979848049997e+18 2.18325159500507259e+19
3.10867398587487583e-02 1.67302414844217779e+18 2.13314723613881426e+19
3.11457861202275345e-02 1.67426883071550874e+18 2.08276265201336893e+19
3.12048323817063142e-02 1.67548368078635597e+18 2.03210056853141135e+19
3.12638786431850904e-02 1.67666853548825651e+18 1.98116383281841603e+19
3.13229249046638666e-02 1.67782323395495091e+18 1.92995687631694029e+19
3.13819711661426498e-02 1.67894761795308493e+18 1.87848418562360566e+19
3.14410174276214260e-02 1.68004153191463501e+18 1.82675030231148503e+19
3.15000636891002023e-02 1.68110482296935859e+18 1.77475982274451292e+19
3.15591099505789785e-02 1.68213734097728640e+18 1.72251739788374241e+19
3.16181562120577547e-02 1.68313893856059648e+18 1.67002773308493926e+19
3.16772024735365310e-02 1.68410947071145446e+18 1.61729343550268846e+19
3.17362487350153072e-02 1.68504879356808038e+18 1.56431722370284360e+19
3.17952949964940834e-02 1.68595676574829850e+18 1.51110404835952599e+19
3.18543412579728596e-02 1.68683324880783565e+18 1.45765890999925494e+19
3.19133875194516428e-02 1.68767810726969242e+18 1.40398685875819643e+19
3.19724337809304190e-02 1.68849120860734592e+18 1.35009192643556332e+19
3.20314800424091953e-02 1.68927241559155891e+18 1.29594948978945475e+19
3.20905263038879784e-02 1.69002157768652774e+18 1.24155113921845105e+19
3.21495725653667547e-02 1.69073854475337600e+18 1.18689925229391032e+19
3.22086188268455309e-02 1.69142316754636570e+18 1.13199631563639624e+19
3.22676650883243071e-02 1.69207529939580083e+18 1.07684764203947602e+19
3.23267113498030834e-02 1.69269479678480794e+18 1.02145859708943688e+19
3.23857576112818596e-02 1.69328151938005888e+18 9.65834598926611661e+18
3.24448038727606358e-02 1.69383533006290278e+18 9.09981117996623258e+18
3.25038501342394121e-02 1.69435609496032205e+18 8.53903676791177216e+18
3.25628963957181883e-02 1.69484368347522893e+18 7.97607849577997414e+18
3.26219426571969645e-02 1.69529796767184998e+18 7.41095986012868506e+18
3.26809889186757477e-02 1.69571882038346650e+18 6.84370533073372672e+18
3.27400351801545239e-02 1.69610611720199936e+18 6.27437284950124032e+18
3.27990814416333001e-02 1.69645973715411610e+18 5.70302082620599398e+18
3.28581277031120833e-02 1.69677956272950323e+18 5.12970813533778944e+18
3.29171739645908595e-02 1.69706547990738995e+18 4.55449411283103642e+18
3.29762202260696358e-02 1.69731737818445798e+18 3.97743855270475878e+18
3.30352664875484120e-02 1.69753515060120909e+18 3.39860170359299891e+18
3.30943127490271882e-02 1.69771869303244621e+18 2.81800686390222336e+18
3.31533590105059645e-02 1.69786790201545984e+18 2.23567817602367514e+18
3.32124052719847407e-02 1.69798267700615168e+18 1.65167779660469325e+18
3.32714515334635169e-02 1.69806292114219853e+18 1.06606828351235059e+18
3.33304977949422931e-02 1.69810854126710938e+18 4.78912591943737792e+17
3.33895440564210763e-02 1.69811944795305472e+18 -1.09725929568131632e+17
3.34485903178998525e-02 1.69809555552431565e+18 -6.99783543240443648e+17
3.35076365793786288e-02 1.69803678208000922e+18 -1.29119612622343373e+18
3.35666828408574119e-02 1.69794304870225741e+18 -1.88394054026788966e+18
3.36257291023361882e-02 1.69781427704437888e+18 -2.47799294312495360e+18
3.36847753638149644e-02 1.69765039181294157e+18 -3.07328762057016013e+18
3.37438216252937406e-02 1.69745132160455040e+18 -3.66975852979320371e+18
3.38028678867725169e-02 1.69721699892486144e+18 -4.26733930396032870e+18
3.38619141482512931e-02 1.69694736020771994e+18 -4.86596325686611763e+18
3.39209604097300693e-02 1.69664234583381504e+18 -5.46556338767456870e+18
3.39800066712088455e-02 1.69630190014926259e+18 -6.06607238574495949e+18
3.40390529326876218e-02 1.69592597060463821e+18 -6.66746727496088474e+18
3.40980991941663980e-02 1.69551450514377651e+18 -7.26972452456013107e+18
3.41571454556451812e-02 1.69506745487054490e+18 -7.87277557143531827e+18
3.42161917171239574e-02 1.69458477494456806e+18 -8.47655160176534426e+18
3.42752379786027336e-02 1.69406642459583053e+18 -9.08098355616223027e+18
3.43342842400815168e-02 1.69351236713929958e+18 -9.68600213490076262e+18
3.43933305015602930e-02 1.69292256842037965e+18 -1.02916636613665505e+19
3.44523767630390693e-02 1.69229697775651149e+18 -1.08983580441157100e+19
3.45114230245178455e-02 1.69163553311785114e+18 -1.15061043737724703e+19
3.45704692859966217e-02 1.69093817262339891e+18 -1.21148789471045571e+19
3.46295155474753980e-02 1.69020483766333952e+18 -1.27246104386132070e+19
3.46885618089541742e-02 1.68943547384852147e+18 -1.33352272175259464e+19
3.47476080704329504e-02 1.68863003102823987e+18 -1.39466573532111319e+19
3.48066543319117266e-02 1.68778846330765722e+18 -1.45588286207095173e+19
3.48657005933905098e-02 1.68691072906511206e+18 -1.51716685063788380e+19
3.49247468548692860e-02 1.68599679096908570e+18 -1.57851042136479724e+19
3.49837931163480623e-02 1.68504661502833536e+18 -1.63991117459740242e+19
3.50428393778268454e-02 1.68406016771347789e+18 -1.70136667350564946e+19
3.51018856393056217e-02 1.68303741887481677e+18 -1.76286954491445289e+19
3.51609319007843979e-02 1.68197834272291789e+18 -1.82441239362038907e+19
3.52199781622631741e-02 1.68088291784125850e+18 -1.88598780300650701e+19
3.52790244237419504e-02 1.67975112719877402e+18 -1.94758833566765834e+19
3.53380706852207266e-02 1.67858295816174029e+18 -2.00920653404562186e+19
3.53971169466995028e-02 1.67737840250584038e+18 -2.07083492107419197e+19
3.54561632081782790e-02 1.67613745543844608e+18 -2.13247102369395139e+19
3.55152094696570553e-02 1.67486011264467533e+18 -2.19411234854882263e+19
3.55742557311358315e-02 1.67354637326403917e+18 -2.25575136371944735e+19
3.56333019926146147e-02 1.67219624088711398e+18 -2.31738052426362184e+19
3.56923482540933909e-02 1.67080972356336077e+18 -2.37899227289299190e+19
3.57513945155721671e-02 1.66938683380778982e+18 -2.44057904065787494e+19
3.58104407770509503e-02 1.66792758860804890e+18 -2.50213324764128666e+19
3.58694870385297265e-02 1.66643200943034957e+18 -2.56364730366015693e+19
3.59285333000085028e-02 1.66490012122855987e+18 -2.62511867556467384e+19
3.59875795614872790e-02 1.66333194945598874e+18 -2.68654482729220588e+19
3.60466258229660552e-02 1.66172752305864602e+18 -2.74791815386671841e+19
3.61056720844448314e-02 1.66008687547392896e+18 -2.80923104668633211e+19
3.61647183459236077e-02 1.65841004463263616e+18 -2.87047589424745677e+19
3.62237646074023839e-02 1.65669707296073677e+18 -2.93164508287625298e+19
3.62828108688811601e-02 1.65494800738019942e+18 -2.99273099746597970e+19
3.63418571303599433e-02 1.65316289930951987e+18 -3.05372602222074511e+19
3.64009033918387195e-02 1.65134180367263411e+18 -3.11462758055176315e+19
3.64599496533174958e-02 1.64948477591931494e+18 -3.17543311065296445e+19
3.65189959147962789e-02 1.64759187499162982e+18 -3.23613502290989670e+19
3.65780421762750552e-02 1.64566316431123328e+18 -3.29672573374198292e+19
3.66370884377538314e-02 1.64369871177573760e+18 -3.35719766635899290e+19
3.66961346992326076e-02 1.64169858975420749e+18 -3.41754325152183255e+19
3.67551809607113839e-02 1.63966287508286362e+18 -3.47775492830904074e+19
3.68142272221901601e-02 1.63759164905953587e+18 -3.53782514488618189e+19
3.68732734836689363e-02 1.63548499367751629e+18 -3.59777169227139645e+19
3.69323197451477125e-02 1.63334296219061453e+18 -3.65765202447742444e+19
3.69913660066264888e-02 1.63116559392385306e+18 -3.71746222661575066e+19
3.70504122681052650e-02 1.62895293260837146e+18 -3.77719443324600238e+19
3.71094585295840412e-02 1.62670502662018893e+18 -3.83684077699510190e+19
3.71685047910628313e-02 1.62442192898120064e+18 -3.89639338941186703e+19
3.72275510525416076e-02 1.62210369735929626e+18 -3.95584440183035331e+19
3.72865973140203838e-02 1.61975039406842573e+18 -4.01518594624334070e+19
3.73456435754991600e-02 1.61736208512869837e+18 -4.07441492969802547e+19
3.74046898369779363e-02 1.61493883743897574e+18 -4.13352829145862554e+19
3.74637360984567125e-02 1.61248072157679770e+18 -4.19251821813414134e+19
3.75227823599354887e-02 1.60998781273071360e+18 -4.25137690406682788e+19
3.75818286214142649e-02 1.60746019069592294e+18 -4.31009655222698476e+19
3.76408748828930412e-02 1.60489793986864410e+18 -4.36866937511387709e+19
3.76999211443718174e-02 1.60230114924020941e+18 -4.42708759566448067e+19
3.77589674058505936e-02 1.59966991239085184e+18 -4.48534344816935813e+19
3.78180136673293699e-02 1.59700432658988646e+18 -4.54343371680460472e+19
3.78770599288081461e-02 1.59430449009925120e+18 -4.60135523637027471e+19
3.79361061902869362e-02 1.59157050482353843e+18 -4.65910033945218253e+19
3.79951524517657124e-02 1.58880247718931763e+18 -4.71666137709312819e+19
3.80541987132444887e-02 1.58600051813367373e+18 -4.77403071971507323e+19
3.81132449747232649e-02 1.58316474309300787e+18 -4.83120075804840591e+19
3.81722912362020411e-02 1.58029527199022234e+18 -4.88816390406324797e+19
3.82313374976808173e-02 1.57739222922240742e+18 -4.94491259190753772e+19
3.82903837591595936e-02 1.57445574281394662e+18 -5.00144351398196019e+19
3.83494300206383698e-02 1.57148594189092762e+18 -5.05775343155939738e+19
3.84084762821171460e-02 1.56848295914136832e+18 -5.11383492064496845e+19
3.84675225435959223e-02 1.56544693162838144e+18 -5.16968058645753364e+19
3.85265688050746985e-02 1.56237800077264333e+18 -5.22528306435977626e+19
3.85856150665534747e-02 1.55927631233408973e+18 -5.28063502078980833e+19
3.86446613280322648e-02 1.55614201639355597e+18 -5.33572915419638415e+19
3.87037075895110411e-02 1.55297526733351552e+18 -5.39055819597442990e+19
3.87627538509898173e-02 1.54977622305746227e+18 -5.44511877960086487e+19
3.88218001124685935e-02 1.54654504267257267e+18 -5.49940762529204224e+19
3.88808463739473698e-02 1.54328188872325606e+18 -5.55341764913591583e+19
3.89398926354261460e-02 1.53998692792495283e+18 -5.60714180703567626e+19
3.89989388969049222e-02 1.53666033114059213e+18 -5.66057309562453606e+19
3.90579851583836984e-02 1.53330227335578086e+18 -5.71370455317794079e+19
3.91170314198624747e-02 1.52991293365455437e+18 -5.76652926052838523e+19
3.91760776813412509e-02 1.52649249519337318e+18 -5.81904034197521285e+19
3.92351239428200271e-02 1.52304114449952896e+18 -5.87123440553746678e+19
3.92941702042988034e-02 1.51955906939832960e+18 -5.92310816324216013e+19
3.93532164657775796e-02 1.51604646098400128e+18 -5.97465496557344358e+19
3.94122627272563697e-02 1.51250351348298982e+18 -6.02587764000585564e+19
3.94713089887351459e-02 1.50893039805269018e+18 -6.07684883850598892e+19
3.95303552502139222e-02 1.50532725677837875e+18 -6.12757918416622305e+19
3.95894015116926984e-02 1.50169423405659955e+18 -6.17806129133502792e+19
3.96484477731714746e-02 1.49803147863559194e+18 -6.22828780659667354e+19
3.97074940346502508e-02 1.49433914301543219e+18 -6.27825436138573332e+19
3.97665402961290271e-02 1.49061738166865408e+18 -6.32795668679984824e+19
3.98255865576078033e-02 1.48686635272569805e+18 -6.37738763273828106e+19
3.98846328190865795e-02 1.48308621852729446e+18 -6.42654008861041787e+19
3.99436790805653558e-02 1.47927714560065357e+18 -6.47540698442942136e+19
4.00027253420441320e-02 1.47543930463539482e+18 -6.52398129190950011e+19
4.00617716035229082e-02 1.47157287045841971e+18 -6.57225602556334899e+19
4.01208178650016983e-02 1.46767802200849562e+18 -6.62022424380213166e+19
4.01798641264804746e-02 1.46375494183672934e+18 -6.66788145807016428e+19
4.02389103879592508e-02 1.45980381463954867e+18 -6.71522329723748680e+19
4.02979566494380270e-02 1.45582482861308186e+18 -6.76224306699098358e+19
4.03570029109168033e-02 1.45181817589112269e+18 -6.80893412394164879e+19
4.04160491723955795e-02 1.44778405251480550e+18 -6.85528987669022310e+19
4.04750954338743557e-02 1.44372265840178202e+18 -6.90130378689206845e+19
4.05341416953531319e-02 1.43963419731425408e+18 -6.94696937031797228e+19
4.05931879568319082e-02 1.43551887682702106e+18 -6.99228019791538586e+19
4.06522342183106844e-02 1.43137690793847603e+18 -7.03723170957875364e+19
4.07112804797894606e-02 1.42720850394714112e+18 -7.08181947961880904e+19
4.07703267412682369e-02 1.42301388144446182e+18 -7.12603736838800425e+19
4.08293730027470131e-02 1.41879326062889216e+18 -7.16987929806701773e+19
4.08884192642258032e-02 1.41454686526926003e+18 -7.21333925367191306e+19
4.09474655257045794e-02 1.41027492266699085e+18 -7.25641128405405532e+19
4.10065117871833557e-02 1.40597766361850470e+18 -7.29908950289797202e+19
4.10655580486621319e-02 1.40165532237643802e+18 -7.34136808971087954e+19
4.11246043101409081e-02 1.39730813638133658e+18 -7.38324246057223782e+19
4.11836505716196843e-02 1.39293634550987622e+18 -7.42470818197878211e+19
4.12426968330984606e-02 1.38854019267906432e+18 -7.46575976244943258e+19
4.13017430945772368e-02 1.38411992402718490e+18 -7.50639178247868252e+19
4.13607893560560130e-02 1.37967578887109837e+18 -7.54659889545447342e+19
4.14198356175347893e-02 1.37520803966290662e+18 -7.58637582856749220e+19
4.14788818790135655e-02 1.37071693194609306e+18 -7.62571738371165061e+19
4.15379281404923417e-02 1.36620272431107046e+18 -7.66461843837535846e+19
4.15969744019711318e-02 1.36166567825632077e+18 -7.70307443038437540e+19
4.16560206634499081e-02 1.35710605783447962e+18 -7.74108096279284285e+19
4.17150669249286843e-02 1.35252412984303462e+18 -7.77863327851767726e+19
4.17741131864074605e-02 1.34792016386442317e+18 -7.81572670160218194e+19
4.18331594478862367e-02 1.34329443221804877e+18 -7.85235663801689047e+19
4.18922057093650130e-02 1.33864720991129882e+18 -7.88851857644641649e+19
4.19512519708437892e-02 1.33397877459097651e+18 -7.92420808906894213e+19
4.20102982323225654e-02 1.32928940649327027e+18 -7.95942083231835750e+19
4.20693444938013417e-02 1.32457938170077107e+18 -7.99419375886746747e+19
4.21283907552801179e-02 1.31984893326658099e+18 -8.02859998289353441e+19
4.21874370167588941e-02 1.31509827832661837e+18 -8.06263580231926579e+19
4.22464832782376704e-02 1.31032763721503258e+18 -8.09629572764292383e+19
4.23055295397164466e-02 1.30553723348645683e+18 -8.12957434058176430e+19
4.23645758011952367e-02 1.30072729387342746e+18 -8.16246629517072466e+19
4.24236220626740129e-02 1.29589804824358938e+18 -8.19496631885561201e+19
4.24826683241527892e-02 1.29104972955575654e+18 -8.22706921357517128e+19
4.25417145856315654e-02 1.28618257401303347e+18 -8.25876886084534436e+19
4.26007608471103416e-02 1.28129682158069888e+18 -8.29005931662933033e+19
4.26598071085891178e-02 1.27639271529802112e+18 -8.32093576075512709e+19
4.27188533700678941e-02 1.27147050102669696e+18 -8.35139345345280410e+19
4.27778996315466703e-02 1.26653042740315162e+18 -8.38142773634422374e+19
4.28369458930254465e-02 1.26157274579007974e+18 -8.41103403342015365e+19
4.28959921545042228e-02 1.25659771022760371e+18 -8.44020785200624763e+19
4.29550384159829990e-02 1.25160557738380467e+18 -8.46894478371612426e+19
4.30140846774617752e-02 1.24659660685582822e+18 -8.49723872693609923e+19
4.30731309389405653e-02 1.24157106214312064e+18 -8.52508376886252339e+19
4.31321772004193416e-02 1.23652920948892288e+18 -8.55247591467210834e+19
4.31912234618981178e-02 1.23147131746882074e+18 -8.57941125897737175e+19
4.32502697233768940e-02 1.22639765693784755e+18 -8.60588598666358620e+19
4.33093159848556702e-02 1.22130850097685171e+18 -8.63189637370859028e+19
4.33683622463344465e-02 1.21620412483847219e+18 -8.65743878798698906e+19
4.34274085078132227e-02 1.21108480589270170e+18 -8.68250969005817692e+19
4.34864547692919989e-02 1.20595082408107059e+18 -8.70710305303420764e+19
4.35455010307707752e-02 1.20080246335762637e+18 -8.73121305177446482e+19
4.36045472922495514e-02 1.19564001004930330e+18 -8.75483659174190449e+19
4.36635935537283276e-02 1.19046375228150912e+18 -8.77797067533860864e+19
4.37226398152071039e-02 1.18527397992097536e+18 -8.80061240255757025e+19
4.37816860766858801e-02 1.18007098451772646e+18 -8.82275897161188803e+19
4.38407323381646702e-02 1.17485505924702976e+18 -8.84440767954653348e+19
4.38997785996434464e-02 1.16962649885086182e+18 -8.86555592282938573e+19
4.39588248611222226e-02 1.16438560024874624e+18 -8.88619780137270149e+19
4.40178711226009989e-02 1.15913266445533722e+18 -8.90632762819042673e+19
4.40769173840797751e-02 1.15386799445257446e+18 -8.92594327104021299e+19
4.41359636455585513e-02 1.14859189445107418e+18 -8.94504270034590761e+19
4.41950099070373276e-02 1.14330466982954662e+18 -8.96362398963370557e+19
4.42540561685161038e-02 1.13800662707354675e+18 -8.98168531594317332e+19
4.43131024299948800e-02 1.13269807371443136e+18 -8.99922496021877883e+19
4.43721486914736563e-02 1.12737931826782349e+18 -9.01624130767647048e+19
4.44311949529524325e-02 1.12205067100359834e+18 -9.03272862989460111e+19
4.44902412144312087e-02 1.11671244634441715e+18 -9.04868142119547044e+19
4.45492874759099988e-02 1.11136496024740006e+18 -9.06409855899488584e+19
4.46083337373887751e-02 1.10600852930121574e+18 -9.07897902711285514e+19
4.46673799988675513e-02 1.10064347066303014e+18 -9.09332191596889047e+19
4.47264262603463275e-02 1.09527010199554982e+18 -9.10712642275388457e+19
4.47854725218251037e-02 1.08988873245959501e+18 -9.12044071828430029e+19
4.48445187833038800e-02 1.08449962761495795e+18 -9.13332710752576963e+19
4.49035650447826562e-02 1.07910304170784294e+18 -9.14577829231680061e+19
4.49626113062614324e-02 1.07369923439333107e+18 -9.15778690606341816e+19
4.50216575677402087e-02 1.06828846763773798e+18 -9.16935078194412749e+19
4.50807038292189849e-02 1.06287100465721357e+18 -9.18046785338073907e+19
4.51397500906977611e-02 1.05744710985841434e+18 -9.19113615454010573e+19
4.51987963521765373e-02 1.05201704877884941e+18 -9.20135382080997130e+19
4.52578426136553136e-02 1.04658108802714957e+18 -9.21111908925035643e+19
4.53168888751341037e-02 1.04113949522265190e+18 -9.22043029901521388e+19
4.53759351366128799e-02 1.03569254008807693e+18 -9.22928004202595615e+19
4.54349813980916561e-02 1.03024049780950950e+18 -9.23766114250640261e+19
4.54940276595704324e-02 1.02478364544977216e+18 -9.24557244280262164e+19
4.55530739210492086e-02 1.01932226072448678e+18 -9.25301288937371238e+19
4.56121201825279848e-02 1.01385662194047693e+18 -9.25998153303252337e+19
4.56711664440067611e-02 1.00838700793428544e+18 -9.26647752915944243e+19
4.57302127054855373e-02 1.00291369801021248e+18 -9.27250013788404941e+19
4.57892589669643135e-02 9.97436971878395648e+17 -9.27804872423832781e+19
4.58483052284430898e-02 9.91957110902289408e+17 -9.28311611460807229e+19
4.59073514899218660e-02 9.86474401924119168e+17 -9.28769537658384548e+19
4.59663977514006422e-02 9.80989133204694656e+17 -9.29178639503200748e+19
4.60254440128794323e-02 9.75501593041489152e+17 -9.29538916049893458e+19
4.60844902743582086e-02 9.70012069706459520e+17 -9.29850376916991508e+19
4.61435365358369848e-02 9.64520851383608960e+17 -9.30113042279438090e+19
4.62025827973157610e-02 9.59028226106588800e+17 -9.30326942857941320e+19
4.62616290587945372e-02 9.53534481696625536e+17 -9.30492119905355366e+19
4.63206753202733135e-02 9.48039907160900864e+17 -9.30607883972768727e+19
4.63797215817520897e-02 9.42544796970221696e+17 -9.30673570446340915e+19
4.64387678432308659e-02 9.37049446540815744e+17 -9.30689273599091507e+19
4.64978141047096422e-02 9.31554150701453824e+17 -9.30655098183702282e+19
4.65568603661884184e-02 9.26059203631417472e+17 -9.30571159398082642e+19
4.66159066276671946e-02 9.20564898799109504e+17 -9.30437582848029000e+19
4.66749528891459708e-02 9.15071528900645760e+17 -9.30254504506396508e+19
4.67339991506247471e-02 9.09579385798743808e+17 -9.30022070668978258e+19
4.67930454121035372e-02 9.04088762067250560e+17 -9.29739623220194345e+19
4.68520916735823134e-02 8.98599955702029568e+17 -9.29406529413578752e+19
4.69111379350610896e-02 8.93113265166318848e+17 -9.29022988952640881e+19
4.69701841965398659e-02 8.87628987714118784e+17 -9.28589211677817405e+19
4.70292304580186421e-02 8.82147419330849280e+17 -9.28105417501957161e+19
4.70882767194974183e-02 8.76668854673623680e+17 -9.27571836341769667e+19
4.71473229809761946e-02 8.71193587012782336e+17 -9.26988708046758871e+19
4.72063692424549708e-02 8.65721908173258752e+17 -9.26356282324250952e+19
4.72654155039337470e-02 8.60254110218376448e+17 -9.25673934716675850e+19
4.73244617654125233e-02 8.54790490570332544e+17 -9.24941066488688312e+19
4.73835080268912995e-02 8.49331346645160576e+17 -9.24157980487612826e+19
4.74425542883700757e-02 8.43876974042456448e+17 -9.23324989099778376e+19
4.75016005498488658e-02 8.38427666489315968e+17 -9.22442414155322819e+19
4.75606468113276420e-02 8.32983713177347200e+17 -9.21512358942520279e+19
4.76196930728064183e-02 8.27545378548227200e+17 -9.20539472303246705e+19
4.76787393342851945e-02 8.22112913797493632e+17 -9.19524163248700293e+19
4.77377855957639707e-02 8.16686570659367936e+17 -9.18465696011655250e+19
4.77968318572427470e-02 8.11266607009960448e+17 -9.17363360938734879e+19
4.78558781187215232e-02 8.05853281120803584e+17 -9.16217414094412186e+19
4.79149243802002994e-02 8.00446849725133568e+17 -9.15028120519881687e+19
4.79739706416790757e-02 7.95047567964730496e+17 -9.13795754142410834e+19
4.80330169031578519e-02 7.89655689338058240e+17 -9.12520597681941545e+19
4.80920631646366281e-02 7.84271465648447360e+17 -9.11202942553659146e+19
4.81511094261154043e-02 7.78895146953136384e+17 -9.09843088767310070e+19
4.82101556875941806e-02 7.73526983496099968e+17 -9.08440338273699758e+19
4.82692019490729707e-02 7.68167231554980352e+17 -9.06994019423265587e+19
4.83282482105517469e-02 7.62816147348959872e+17 -9.05504484399829975e+19
4.83872944720305231e-02 7.57473984993510528e+17 -9.03972093547844567e+19
4.84463407335092994e-02 7.52140996452596480e+17 -9.02397215252360069e+19
4.85053869949880756e-02 7.46817431491631104e+17 -9.00780225815692083e+19
4.85644332564668518e-02 7.41503537630968064e+17 -8.99121509330541281e+19
4.86234795179456281e-02 7.36199560100403072e+17 -8.97421457550019625e+19
4.86825257794244043e-02 7.30905743879556096e+17 -8.95679411446715187e+19
4.87415720409031805e-02 7.25622339853475072e+17 -8.93894738512797041e+19
4.88006183023819567e-02 7.20349598414438400e+17 -8.92067881364528005e+19
4.88596645638607330e-02 7.15087767320148352e+17 -8.90199289726507745e+19
4.89187108253395092e-02 7.09837091652314496e+17 -8.88289420284001321e+19
4.89777570868182993e-02 7.04597813775878784e+17 -8.86338736531959480e+19
4.90368033482970755e-02 6.99370173299259008e+17 -8.84347708621120963e+19
4.90958496097758518e-02 6.94154407035585280e+17 -8.82316813201127506e+19
4.91548958712546280e-02 6.88950751137611904e+17 -8.80245430554298286e+19
4.92139421327334042e-02 6.83759447519305728e+17 -8.78132967443677348e+19
4.92729883942121805e-02 6.78580737196592256e+17 -8.75979949501004349e+19
4.93320346556909567e-02 6.73414858064327424e+17 -8.73786908198249759e+19
4.93910809171697329e-02 6.68262044862445824e+17 -8.71554380675316941e+19
4.94501271786485092e-02 6.63122529142930176e+17 -8.69282909564865577e+19
4.95091734401272854e-02 6.57996539237972480e+17 -8.66973042814656676e+19
4.95682197016060616e-02 6.52884300229082112e+17 -8.64625333507120333e+19
4.96272659630848378e-02 6.47786036161906560e+17 -8.62239200606955274e+19
4.96863122245636141e-02 6.42701976687615744e+17 -8.59814089372608266e+19
4.97453584860424042e-02 6.37632350190570752e+17 -8.57350599472084582e+19
4.98044047475211804e-02 6.32577381501147520e+17 -8.54849334957927629e+19
4.98634510089999566e-02 6.27537291870626432e+17 -8.52310904074412032e+19
4.99224972704787329e-02 6.22512298946913920e+17 -8.49735919062204252e+19
4.99815435319575091e-02 6.17502616751528704e+17 -8.47124995961007964e+19
5.00405897934362853e-02 6.12508455657867776e+17 -8.44478754410211574e+19
5.00996360549150616e-02 6.07530024669640192e+17 -8.41796650650062029e+19
5.01586823163938378e-02 6.02567538232238080e+17 -8.39078166891423990e+19
5.02177285778726140e-02 5.97621209198885760e+17 -8.36323966515198034e+19
5.02767748393513902e-02 5.92691246497472512e+17 -8.33534715678636769e+19
5.03358211008301665e-02 5.87777855114768640e+17 -8.30711083106484552e+19
5.03948673623089427e-02 5.82881236163449728e+17 -8.27853600657319363e+19
5.04539136237877328e-02 5.78001593175871488e+17 -8.24960739858947277e+19
5.05129598852665090e-02 5.73139136279763456e+17 -8.22032503058563400e+19
5.05720061467452853e-02 5.68294074359201280e+17 -8.19068495511330324e+19
5.06310524082240615e-02 5.63466620902154816e+17 -8.16068346780980675e+19
5.06900986697028377e-02 5.58656986867176640e+17 -8.13032883859947028e+19
5.07491449311816140e-02 5.53865378330281152e+17 -8.09962933534490460e+19
5.08081911926603902e-02 5.49091996486813312e+17 -8.06859322143513313e+19
5.08672374541391664e-02 5.44337037654787904e+17 -8.03722875337482240e+19
5.09262837156179426e-02 5.39600693279719040e+17 -8.00554417837518029e+19
5.09853299770967189e-02 5.34883149940785344e+17 -7.97354773194472489e+19
5.10443762385754951e-02 5.30184591712388416e+17 -7.94123569122799944e+19
5.11034225000542713e-02 5.25505207160765056e+17 -7.90860456911436186e+19
5.11624687615330476e-02 5.20845182162114240e+17 -7.87566292981120041e+19
5.12215150230118377e-02 5.16204697542043392e+17 -7.84241931601650647e+19
5.12805612844906139e-02 5.11583929088956352e+17 -7.80888224652994970e+19
5.13396075459693901e-02 5.06983047568834432e+17 -7.77506021387150131e+19
5.13986538074481664e-02 5.02402218741552960e+17 -7.74096168190977311e+19
5.14577000689269426e-02 4.97841603378353024e+17 -7.70659508349525852e+19
5.15167463304057188e-02 4.93301359633596608e+17 -7.67195688140399739e+19
5.15757925918844951e-02 4.88781650045276672e+17 -7.63704376620537938e+19
5.16348388533632713e-02 4.84282634362672256e+17 -7.60186445865807544e+19
5.16938851148420475e-02 4.79804467197732672e+17 -7.56642763886582989e+19
5.17529313763208237e-02 4.75347298049692352e+17 -7.53074194397429105e+19
5.18119776377996000e-02 4.70911271331106944e+17 -7.49481596588357878e+19
5.18710238992783762e-02 4.66496526395262912e+17 -7.45865824897611530e+19
5.19300701607571663e-02 4.62103197564892864e+17 -7.42227728785916068e+19
5.19891164222359425e-02 4.57731416493938304e+17 -7.38566969524675379e+19
5.20481626837147188e-02 4.53381319113407616e+17 -7.34883230322229494e+19
5.21072089451934950e-02 4.49053038527461568e+17 -7.31177385382559334e+19
5.21662552066722712e-02 4.44746702695779520e+17 -7.27450303010422538e+19
5.22253014681510475e-02 4.40462434468899904e+17 -7.23702845395773850e+19
5.22843477296298237e-02 4.36200351625110400e+17 -7.19935868400731668e+19
5.23433939911085999e-02 4.31960566908316608e+17 -7.16150221348310794e+19
5.24024402525873761e-02 4.27743188067308800e+17 -7.12346746813546332e+19
5.24614865140661524e-02 4.23548320187523712e+17 -7.08525118019485368e+19
5.25205327755449286e-02 4.19376072523337088e+17 -7.04685029246179656e+19
5.25795790370237048e-02 4.15226551521366272e+17 -7.00827343884488622e+19
5.26386252985024811e-02 4.11099858552519680e+17 -6.96952917721475154e+19
5.26976715599812712e-02 4.06996089957574592e+17 -6.93062598745721979e+19
5.27567178214600474e-02 4.02915337093720768e+17 -6.89157226955140710e+19
5.28157640829388236e-02 3.98857686382360256e+17 -6.85237634167734190e+19
5.28748103444175999e-02 3.94823219357905216e+17 -6.81304643834948239e+19
5.29338566058963761e-02 3.90812014949461184e+17 -6.77357938781824942e+19
5.29929028673751523e-02 3.86824156141751872e+17 -6.73397221978739671e+19
5.30519491288539286e-02 3.82859723182949696e+17 -6.69423333962159718e+19
5.31109953903327048e-02 3.78918791385043200e+17 -6.65437106134329180e+19
5.31700416518114810e-02 3.75001431178293568e+17 -6.61439360594133729e+19
5.32290879132902572e-02 3.71107708166645568e+17 -6.57430909971199099e+19
5.32881341747690335e-02 3.67237683184148352e+17 -6.53412557263350252e+19
5.33471804362478097e-02 3.63391414970482176e+17 -6.49382880063415009e+19
5.34062266977265998e-02 3.59568998560070720e+17 -6.45332649035126538e+19
5.34652729592053760e-02 3.55770560918154688e+17 -6.41261070675053937e+19
5.35243192206841523e-02 3.51996224243734720e+17 -6.37169445706852352e+19
5.35833654821629285e-02 3.48246103109010176e+17 -6.33059056692698644e+19
5.36424117436417047e-02 3.44520304567242240e+17 -6.28931167846827049e+19
5.37014580051204810e-02 3.40818928261557376e+17 -6.24787024858838958e+19
5.37605042665992572e-02 3.37142066534890880e+17 -6.20627854727073300e+19
5.38195505280780334e-02 3.33489804540738944e+17 -6.16454865601425736e+19
5.38785967895568096e-02 3.29862222413010048e+17 -6.12268202828376637e+19
5.39376430510355859e-02 3.26259401465890944e+17 -6.08068022026809590e+19
5.39966893125143621e-02 3.22681417981333184e+17 -6.03855517987782902e+19
5.40557355739931383e-02 3.19128341243959104e+17 -5.99631866016816660e+19
5.41147818354719146e-02 3.15600233656461056e+17 -5.95398221821251748e+19
5.41738280969507047e-02 3.12097150855621568e+17 -5.91155721407003116e+19
5.42328743584294809e-02 3.08619141828939520e+17 -5.86905480984625234e+19
5.42919206199082571e-02 3.05166249031746496e+17 -5.82648596884405617e+19
5.43509668813870334e-02 3.01738510451391168e+17 -5.78385158318589788e+19
5.44100131428658096e-02 2.98335965478699136e+17 -5.74115263633960632e+19
5.44690594043445858e-02 2.94958649036467264e+17 -5.69839992741458248e+19
5.45281056658233620e-02 2.91606589730763328e+17 -5.65560405292286280e+19
5.45871519273021383e-02 2.88279809970781888e+17 -5.61277540635238482e+19
5.46461981887809145e-02 2.84978326088719808e+17 -5.56992417782347940e+19
5.47052444502596907e-02 2.81702148460070784e+17 -5.52706035383410278e+19
5.47642907117384670e-02 2.78451281623775616e+17 -5.48419371708357018e+19
5.48233369732172432e-02 2.75225726223501184e+17 -5.44132461291585372e+19
5.48823832346960333e-02 2.72025484506344000e+17 -5.39845346816582779e+19
5.49414294961748095e-02 2.68850554833438720e+17 -5.35558988090707149e+19
5.50004757576535858e-02 2.65700929959184704e+17 -5.31274324406429778e+19
5.50595220191323620e-02 2.62576597152340736e+17 -5.26992274562564342e+19
5.51185682806111382e-02 2.59477538316927808e+17 -5.22713736893158277e+19
5.51776145420899145e-02 2.56403730112987296e+17 -5.18439589304003789e+19
5.52366608035686907e-02 2.53355144077021376e+17 -5.14170689316368138e+19
5.52957070650474669e-02 2.50331748425392768e+17 -5.09907020701656760e+19
5.53547533265262431e-02 2.47333513142038560e+17 -5.05648574500140728e+19
5.54137995880050194e-02 2.44360404906831776e+17 -5.01396188614405243e+19
5.54728458494837956e-02 2.41412385512049184e+17 -4.97150680653194691e+19
5.55318921109625718e-02 2.38489411982041856e+17 -4.92912848009634120e+19
5.55909383724413481e-02 2.35591436692327840e+17 -4.88683467945955164e+19
5.56499846339201382e-02 2.32718407488178848e+17 -4.84463297684748370e+19
5.57090308953989144e-02 2.29870267802697248e+17 -4.80253074506615276e+19
5.57680771568776906e-02 2.27046958309789184e+17 -4.76052737304949391e+19
5.58271234183564669e-02 2.24248421570401472e+17 -4.71862231420985672e+19
5.58861696798352431e-02 2.21474597407027552e+17 -4.67682274102919332e+19
5.59452159413140193e-02 2.18725421465180416e+17 -4.63513562951071089e+19
5.60042622027927955e-02 2.16000825328961888e+17 -4.59356776044571116e+19
5.60633084642715718e-02 2.13300736635995296e+17 -4.55212572073847849e+19
5.61223547257503480e-02 2.10625079191488832e+17 -4.51081590478379827e+19
5.61814009872291242e-02 2.07973773081490880e+17 -4.46964451589688361e+19
5.62404472487079005e-02 2.05346736166044384e+17 -4.42861056756670464e+19
5.62994935101866767e-02 2.02743888260938720e+17 -4.38771312970567352e+19
5.63585397716654668e-02 2.00165151056642048e+17 -4.34692743325057516e+19
5.64175860331442430e-02 1.97610488601238432e+17 -4.30616395230526423e+19
5.64766322946230193e-02 1.95079888101097088e+17 -4.26542739643628667e+19
5.65356785561017955e-02 1.92573330133261312e+17 -4.22472964975449211e+19
5.65947248175805717e-02 1.90090788354296576e+17 -4.18408226938405683e+19
5.66537710790593479e-02 1.87632229692661600e+17 -4.14349648794054001e+19
5.67128173405381242e-02 1.85197615761008160e+17 -4.10297702407113032e+19
5.67718636020169004e-02 1.82786906643883296e+17 -4.06252850082909061e+19
5.68309098634956766e-02 1.80400057305701088e+17 -4.02216152759527997e+19
5.68899561249744529e-02 1.78037016539577984e+17 -3.98188639873749893e+19
5.69490023864532291e-02 1.75697727152466304e+17 -3.94171309663403786e+19
5.70080486479320053e-02 1.73382126148430720e+17 -3.90165129480755036e+19
5.70670949094107816e-02 1.71090144910058208e+17 -3.86171036116442644e+19
5.71261411708895717e-02 1.68821709377968896e+17 -3.82189936133487165e+19
5.71851874323683479e-02 1.66576741288769152e+17 -3.78222168632476467e+19
5.72442336938471241e-02 1.64355161473224928e+17 -3.74268063093270610e+19
5.73032799553259004e-02 1.62156886745469440e+17 -3.70328467237532385e+19
5.73623262168046766e-02 1.59981828999875456e+17 -3.66404199818490429e+19
5.74213724782834528e-02 1.57829895380987616e+17 -3.62496050990991933e+19
5.74804187397622290e-02 1.55700988451283424e+17 -3.58604782688868639e+19
5.75394650012410053e-02 1.53595006356695904e+17 -3.54731129009065984e+19
5.75985112627197815e-02 1.51511842989795104e+17 -3.50875796601930383e+19
5.76575575241985577e-02 1.49451389051531552e+17 -3.47039008461515981e+19
5.77166037856773340e-02 1.47413534861403648e+17 -3.43220978122705347e+19
5.77756500471561102e-02 1.45398167722672864e+17 -3.39422357974535823e+19
5.78346963086349003e-02 1.43405171163364064e+17 -3.35643774431305155e+19
5.78937425701136765e-02 1.41434425088449552e+17 -3.31885828342454723e+19
5.79527888315924528e-02 1.39485805929547392e+17 -3.28149095406204355e+19
5.80118350930712290e-02 1.37559186792252208e+17 -3.24434126586815283e+19
5.80708813545500052e-02 1.35654437600885568e+17 -3.20741448534669435e+19
5.81299276160287814e-02 1.33771425985974672e+17 -3.17071186320282624e+19
5.81889738775075577e-02 1.31910019617277104e+17 -3.13423455821899039e+19
5.82480201389863339e-02 1.30070084032155728e+17 -3.09798734629009654e+19
5.83070664004651101e-02 1.28251482015269504e+17 -3.06197477616212419e+19
5.83661126619438864e-02 1.26454073731409712e+17 -3.02620117368251638e+19
5.84251589234226626e-02 1.24677716855881936e+17 -2.99067064606214226e+19
5.84842051849014388e-02 1.22922266702344416e+17 -2.95538708614372352e+19
5.85432514463802289e-02 1.21187576348106464e+17 -2.92035417667351839e+19
5.86022977078590052e-02 1.19473497352940752e+17 -2.88557237338270679e+19
5.86613439693377814e-02 1.17779881634209520e+17 -2.85104204293845647e+19
5.87203902308165576e-02 1.16106579738511792e+17 -2.81676643178423296e+19
5.87794364922953338e-02 1.14453440352907584e+17 -2.78274859279939338e+19
5.88384827537741101e-02 1.12820310417954528e+17 -2.74899138949790106e+19
5.88975290152528863e-02 1.11207035238282080e+17 -2.71549750021494292e+19
5.89565752767316625e-02 1.09613458590718384e+17 -2.68226942227921797e+19
5.90156215382104388e-02 1.08039422829922992e+17 -2.64930947616699965e+19
5.90746677996892150e-02 1.06484769447355888e+17 -2.61661749912561500e+19
5.91337140611679912e-02 1.04949340515141712e+17 -2.58419324182584156e+19
5.91927603226467675e-02 1.03432977374704640e+17 -2.55203864203877130e+19
5.92518065841255437e-02 1.01935520270825936e+17 -2.52015547716206510e+19
5.93108528456043338e-02 1.00456808445167680e+17 -2.48854536820360970e+19
5.93698991070831100e-02 9.89966802274444800e+16 -2.45720978373572485e+19
5.94289453685618863e-02 9.75549739636373760e+16 -2.42614205913864643e+19
5.94879916300406625e-02 9.61315436167290720e+16 -2.39530245169225073e+19
5.95470378915194387e-02 9.47262567179831840e+16 -2.36468714531177185e+19
5.96060841529982149e-02 9.33389803125879040e+16 -2.33429840400856842e+19
5.96651304144769912e-02 9.19695795124231520e+16 -2.30413995071798067e+19
5.97241766759557674e-02 9.06179172953366080e+16 -2.27421529167228355e+19
5.97832229374345436e-02 8.92838546316296160e+16 -2.24452772138120233e+19
5.98422691989133199e-02 8.79672506076034880e+16 -2.21508032759367598e+19
5.99013154603920961e-02 8.66679625461866240e+16 -2.18587599623757169e+19
5.99603617218708723e-02 8.53858461246475680e+16 -2.15691741633377075e+19
6.00194079833496624e-02 8.41207556987188960e+16 -2.12820602295645348e+19
6.00784542448284387e-02 8.28725450354714080e+16 -2.09974308770332262e+19
6.01375005063072149e-02 8.16410667819810400e+16 -2.07153077468089385e+19
6.01965467677859911e-02 8.04261723597340960e+16 -2.04357107181457981e+19
6.02555930292647673e-02 7.92277120672899840e+16 -2.01586579551332147e+19
6.03146392907435436e-02 7.80455351801889440e+16 -1.98841659529216410e+19
6.03736855522223198e-02 7.68794900481384000e+16 -1.96122495835057193e+19
6.04327318137010960e-02 7.57294241895079520e+16 -1.93429221410436260e+19
6.04917780751798723e-02 7.45951844890309600e+16 -1.90761900069514854e+19
6.05508243366586485e-02 7.34766176053703040e+16 -1.88120580476757033e+19
6.06098705981374247e-02 7.23735697410939840e+16 -1.85505350676722319e+19
6.06689168596162010e-02 7.12858866198625760e+16 -1.82916284908398694e+19
6.07279631210949772e-02 7.02134135667120000e+16 -1.80353444024140268e+19
6.07870093825737673e-02 6.91559955858691120e+16 -1.77816875902956913e+19
6.08460556440525435e-02 6.81134774361467840e+16 -1.75306615858047406e+19
6.09051019055313198e-02 6.70857037039661040e+16 -1.72822687038490808e+19
6.09641481670100960e-02 6.60725188906580480e+16 -1.70365092187551355e+19
6.10231944284888722e-02 6.50737675386127920e+16 -1.67933820061699359e+19
6.10822406899676484e-02 6.40892942601764800e+16 -1.65528855971172536e+19
6.11412869514464247e-02 6.31189437851225840e+16 -1.63150174888380580e+19
6.12003332129252009e-02 6.21625610206419840e+16 -1.60797741809676657e+19
6.12593794744039771e-02 6.12199911091751840e+16 -1.58471512110699725e+19
6.13184257358827534e-02 6.02910794842082560e+16 -1.56171431895433851e+19
6.13774719973615296e-02 5.93756719239816720e+16 -1.53897438338737275e+19
6.14365182588403058e-02 5.84736145452171360e+16 -1.51649489204768051e+19
6.14955645203190959e-02 5.75847536925563600e+16 -1.49427529380331540e+19
6.15546107817978722e-02 5.67089361835259600e+16 -1.47231464587889521e+19
6.16136570432766484e-02 5.58460094139621920e+16 -1.45061193271760916e+19
6.16727033047554246e-02 5.49958214000897440e+16 -1.42916606898194883e+19
6.17317495662342008e-02 5.41582208188726160e+16 -1.40797590249064120e+19
6.17907958277129771e-02 5.33330570466136320e+16 -1.38704021709038285e+19
6.18498420891917533e-02 5.25201801959042960e+16 -1.36635773546415350e+19
6.19088883506705295e-02 5.17194410325301120e+16 -1.34592771945411830e+19
6.19679346121493058e-02 5.09306906725444400e+16 -1.32574931268582892e+19
6.20269808736280820e-02 5.01537810009977760e+16 -1.30582097992207995e+19
6.20860271351068582e-02 4.93885648233021760e+16 -1.28614113937189376e+19
6.21450733965856345e-02 4.86348958920133600e+16 -1.26670816507310838e+19
6.22041196580644107e-02 4.78926289322264000e+16 -1.24752038921408430e+19
6.22631659195432008e-02 4.71616196656159520e+16 -1.22857610439496458e+19
6.23222121810219770e-02 4.64417248331541600e+16 -1.20987356582900797e+19
6.23812584425007532e-02 4.57328020513749760e+16 -1.19141182797009797e+19
6.24403047039795295e-02 4.50347093593013120e+16 -1.17318983711709184e+19
6.24993509654583057e-02 4.43473057707342880e+16 -1.15520563986659922e+19
6.25583972269370819e-02 4.36704514625552880e+16 -1.13745720117649940e+19
6.26174434884158582e-02 4.30040082442658240e+16 -1.11994072795907092e+19
6.26764897498946344e-02 4.23478400954611120e+16 -1.10265342596362998e+19
6.27355360113734106e-02 4.17018122685876480e+16 -1.08559336282780078e+19
6.27945822728521869e-02 4.10657911629714240e+16 -1.06875858650547794e+19
6.28536285343309631e-02 4.04396441370028560e+16 -1.05214813245078118e+19
6.29126747958097393e-02 3.98232389463161840e+16 -1.03576093584565780e+19
6.29717210572885294e-02 3.92164443922830080e+16 -1.01959487285401887e+19
6.30307673187673057e-02 3.86191305330514880e+16 -1.00364781059009577e+19
6.30898135802460819e-02 3.80311686885278720e+16 -9.87917608346241638e+18
6.31488598417248581e-02 3.74524314446407600e+16 -9.72402118777978675e+18
6.32079061032036343e-02 3.68827926569283840e+16 -9.57099189047529882e+18
6.32669523646824106e-02 3.63221274534422000e+16 -9.42006661925879194e+18
6.33259986261611868e-02 3.57703120149483040e+16 -9.27123499592840192e+18
6.33850448876399630e-02 3.52272229367287800e+16 -9.12448572987436237e+18
6.34440911491187393e-02 3.46927379407751040e+16 -8.97979588321534464e+18
6.35031374105975155e-02 3.41667361021609440e+16 -8.83714256394455347e+18
6.35621836720762917e-02 3.36490978460996680e+16 -8.69650293375122432e+18
6.36212299335550679e-02 3.31397049445495480e+16 -8.55785421550220390e+18
6.36802761950338442e-02 3.26384405123913960e+16 -8.42117370039321600e+18
6.37393224565126343e-02 3.21451890031911840e+16 -8.28643875477638758e+18
6.37983687179914105e-02 3.16598359723391040e+16 -8.15363856862138573e+18
6.38574149794701867e-02 3.11822674020664480e+16 -8.02276152033294746e+18
6.39164612409489630e-02 3.07123704381468280e+16 -7.89378392844740403e+18
6.39755075024277392e-02 3.02500336202754080e+16 -7.76668226054723072e+18
6.40345537639065154e-02 2.97951468731475760e+16 -7.64143313730992947e+18
6.40936000253852917e-02 2.93476014973049400e+16 -7.51801333630411469e+18
6.41526462868640679e-02 2.89072901597697240e+16 -7.39639979554164019e+18
6.42116925483428441e-02 2.84741068844698840e+16 -7.27656961679080858e+18
6.42707388098216204e-02 2.80479467992489280e+16 -7.15851236829812224e+18
6.43297850713003966e-02 2.76287054234525240e+16 -7.04221687242765926e+18
6.43888313327791728e-02 2.72162794336930120e+16 -6.92765940492548813e+18
6.44478775942579629e-02 2.68105669007711000e+16 -6.81481646654937088e+18
6.45069238557367391e-02 2.64114672763681160e+16 -6.70366478399943270e+18
6.45659701172155154e-02 2.60188813796762160e+16 -6.59418131067640627e+18
6.46250163786942916e-02 2.56327113839931520e+16 -6.48634322727740518e+18
6.46840626401730678e-02 2.52528608032895200e+16 -6.38012794223570227e+18
6.47431089016518441e-02 2.48792342633878240e+16 -6.27552398398357094e+18
6.48021551631306203e-02 2.45117368659557680e+16 -6.17251931561021235e+18
6.48612014246093965e-02 2.41502748611682760e+16 -6.07109087305252966e+18
6.49202476860881728e-02 2.37947558530190800e+16 -5.97121586389779251e+18
6.49792939475669490e-02 2.34450887833239600e+16 -5.87287176598130278e+18
6.50383402090457252e-02 2.31011839158086520e+16 -5.77603632588574413e+18
6.50973864705245014e-02 2.27629528202812680e+16 -5.68068755734598554e+18
6.51564327320032777e-02 2.24303083569129640e+16 -5.58680373956870861e+18
6.52154789934820678e-02 2.21031643721983040e+16 -5.49437800351683482e+18
6.52745252549608440e-02 2.17814348489031960e+16 -5.40340270816285286e+18
6.53335715164396202e-02 2.14650348080601760e+16 -5.31385541083923763e+18
6.53926177779183965e-02 2.11538805865544040e+16 -5.22571398347305677e+18
6.54516640393971727e-02 2.08478898186486880e+16 -5.13895660903404544e+18
6.55107103008759489e-02 2.05469814177263200e+16 -5.05356177795608166e+18
6.55697565623547252e-02 2.02510755582402760e+16 -4.96950828453264486e+18
6.56288028238335014e-02 1.99600936578801400e+16 -4.88677522329181491e+18
6.56878490853122776e-02 1.96739583599526800e+16 -4.80534198535287398e+18
6.57468953467910538e-02 1.93925935159713040e+16 -4.72518825476626534e+18
6.58059416082698301e-02 1.91159241684767920e+16 -4.64629400484488294e+18
6.58649878697486063e-02 1.88438765340592920e+16 -4.56863949448245555e+18
6.59240341312273964e-02 1.85763779866076640e+16 -4.49220526446772275e+18
6.59830803927061726e-02 1.83133570407734680e+16 -4.41697213379397837e+18
6.60421266541849489e-02 1.80547433356503040e+16 -4.34292119596675174e+18
6.61011729156637251e-02 1.78004676186772840e+16 -4.27003381531373619e+18
