# n_deuterium( psi ) in m^-3 ON THE CURVE R = 2.54914065489639519e-01, which
# is what meq's gauge phi_0( R_ref, psi ) = 0 makes N_s of (96) mean.
# NOT geq's N_s: see the module docstring for why no single rescaling
# relates the two.
#
#    psi            f( psi )        f'( psi )
5.63780116139572449e-03 6.64943721093298790e+18 3.47143376554588504e+20
5.69684742287450158e-03 6.67004075686226227e+18 3.50737451526460801e+20
5.75589368435327955e-03 6.69085700772950221e+18 3.54348102516132020e+20
5.81493994583205664e-03 6.71188694906583450e+18 3.57975559283565855e+20
5.87398620731083374e-03 6.73313157999353037e+18 3.61620052437415756e+20
5.93303246878961084e-03 6.75459191327713587e+18 3.65281813449702244e+20
5.99207873026838880e-03 6.77626897537432986e+18 3.68961074670155661e+20
6.05112499174716590e-03 6.79816380648878797e+18 3.72658069340352741e+20
6.11017125322594300e-03 6.82027746062245171e+18 3.76373031607498244e+20
6.16921751470472096e-03 6.84261100563029299e+18 3.80106196538023412e+20
6.22826377618349806e-03 6.86516552327420518e+18 3.83857800130816442e+20
6.28731003766227516e-03 6.88794210927896269e+18 3.87628079330236891e+20
6.34635629914105225e-03 6.91094187338816410e+18 3.91417272038811828e+20
6.40540256061983022e-03 6.93416593942135808e+18 3.95225617129664741e+20
6.46444882209860731e-03 6.95761544533153894e+18 3.99053354458641990e+20
6.52349508357738441e-03 6.98129154326355763e+18 4.02900724876157911e+20
6.58254134505616151e-03 7.00519539961334784e+18 4.06767970238756291e+20
6.64158760653493947e-03 7.02932818688656384e+18 4.10654916225082196e+20
6.70063386801371657e-03 7.05369105890483814e+18 4.14561380975522021e+20
6.75968012949249367e-03 7.07828517501985587e+18 4.18487596353304920e+20
6.81872639097127163e-03 7.10311170829582643e+18 4.22433794963204669e+20
6.87777265245004873e-03 7.12817184555360870e+18 4.26400210156956811e+20
6.93681891392882582e-03 7.15346678741462630e+18 4.30387076038239257e+20
6.99586517540760379e-03 7.17899774834560717e+18 4.34394627467285627e+20
7.05491143688638089e-03 7.20476595670318899e+18 4.38423100065061405e+20
7.11395769836515798e-03 7.23077264895727718e+18 4.42472434006043984e+20
7.17300395984393508e-03 7.25701905207886336e+18 4.46542563765195768e+20
7.23205022132271218e-03 7.28350640071350170e+18 4.50633717392902521e+20
7.29109648280149014e-03 7.31023594959046963e+18 4.54746570404482056e+20
7.35014274428026724e-03 7.33720902468837786e+18 4.58882462623324504e+20
7.40918900575904434e-03 7.36442699728212480e+18 4.63041723342515339e+20
7.46823526723782230e-03 7.39189125554700186e+18 4.67224635811857629e+20
7.52728152871659940e-03 7.41960320444249600e+18 4.71431485315078291e+20
7.58632779019537649e-03 7.44756425963270349e+18 4.75662243652621959e+20
7.64537405167415446e-03 7.47577582878844723e+18 4.79916877433373458e+20
7.70442031315293156e-03 7.50423932993566925e+18 4.84195667093923561e+20
7.76346657463170865e-03 7.53295619771422310e+18 4.88498894954307977e+20
7.82251283611048662e-03 7.56192788349043610e+18 4.92826845241493619e+20
7.88155909758926285e-03 7.59115585546980045e+18 4.97179804112617079e+20
7.94060535906804081e-03 7.62064159881208832e+18 5.01558059678113530e+20
7.99965162054681878e-03 7.65038661574694298e+18 5.05961902024618869e+20
8.05869788202559501e-03 7.68039242004014694e+18 5.10391335675954201e+20
8.11774414350437297e-03 7.71066051995163853e+18 5.14846360122100744e+20
8.17679040498315093e-03 7.74119243493852467e+18 5.19327260746682728e+20
8.23583666646192716e-03 7.77198970136257741e+18 5.23834324751269036e+20
8.29488292794070513e-03 7.80305387259773133e+18 5.28367841174283616e+20
8.35392918941948309e-03 7.83438651913947341e+18 5.32928100909741638e+20
8.41297545089825932e-03 7.86598922871438746e+18 5.37515396725691843e+20
8.47202171237703729e-03 7.89786359954784154e+18 5.42129295213225509e+20
8.53106797385581525e-03 7.93001106625239347e+18 5.46765010835280429e+20
8.59011423533459148e-03 7.96243286989789798e+18 5.51421595947959517e+20
8.64916049681336944e-03 7.99513024795427430e+18 5.56099226721712341e+20
8.70820675829214567e-03 8.02810444827200307e+18 5.60798078581955887e+20
8.76725301977092364e-03 8.06135672903727923e+18 5.65518326195084329e+20
8.82629928124969987e-03 8.09488835872725197e+18 5.70260143453850239e+20
8.88534554272847783e-03 8.12870061606318285e+18 5.75023703461975687e+20
8.94439180420725580e-03 8.16279478996394291e+18 5.79809178518150447e+20
9.00343806568603203e-03 8.19717217495045325e+18 5.84616508654197539e+20
9.06248432716480999e-03 8.23183405726233395e+18 5.89445626525847126e+20
9.12153058864358796e-03 8.26678172810732749e+18 5.94296691938338800e+20
9.18057685012236419e-03 8.30201648809640858e+18 5.99169863592298545e+20
9.23962311160114215e-03 8.33753964717819290e+18 6.04065299061676835e+20
9.29866937307992011e-03 8.37335252457154970e+18 6.08983154770930303e+20
9.35771563455869634e-03 8.40945644869732147e+18 6.13923585971508216e+20
9.41676189603747431e-03 8.44585275710784410e+18 6.18886746717559587e+20
9.47580815751625227e-03 8.48254279261166182e+18 6.23872596182115025e+20
9.53485441899502850e-03 8.51952789161100083e+18 6.28881086280987181e+20
9.59390068047380647e-03 8.55680939512470733e+18 6.33912358152351252e+20
9.65294694195258443e-03 8.59438865246114202e+18 6.38966551421023945e+20
9.71199320343136066e-03 8.63226702112721715e+18 6.44043804168142455e+20
9.77103946491013862e-03 8.67044585501737984e+18 6.49143381583969386e+20
9.83008572638891659e-03 8.70892638729256448e+18 6.54262721062227411e+20
9.88913198786769282e-03 8.74770977708232090e+18 6.59401705595977597e+20
9.94817824934647078e-03 8.78679718332978790e+18 6.64560249665527742e+20
1.00072245108252487e-02 8.82618975675055718e+18 6.69738259445849915e+20
1.00662707723040250e-02 8.86588864823518618e+18 6.74935785654693659e+20
1.01253170337828012e-02 8.90589501157303091e+18 6.80152875741818520e+20
1.01843632952615809e-02 8.94621000325716582e+18 6.85389573840065921e+20
1.02434095567403571e-02 8.98683478228772762e+18 6.90645920715705418e+20
1.03024558182191334e-02 9.02777050997118669e+18 6.95921953717862269e+20
1.03615020796979113e-02 9.06901834971704320e+18 7.01217706727161987e+20
1.04205483411766893e-02 9.11057946481694106e+18 7.06533107454561616e+20
1.04795946026554655e-02 9.15245501205842227e+18 7.11868075545147081e+20
1.05386408641342435e-02 9.19464614732085146e+18 7.17222627295141036e+20
1.05976871256130215e-02 9.23715402733279846e+18 7.22596775151775121e+20
1.06567333870917977e-02 9.27997980944255181e+18 7.27990527656298152e+20
1.07157796485705756e-02 9.32312465138605056e+18 7.33403889386267738e+20
1.07748259100493536e-02 9.36658971105116160e+18 7.38836860897045905e+20
1.08338721715281298e-02 9.41037614623815066e+18 7.44289438662499631e+20
1.08929184330069078e-02 9.45448511341321421e+18 7.49761563775028691e+20
1.09519646944856858e-02 9.49891776434444698e+18 7.55253169575976108e+20
1.10110109559644620e-02 9.54367524867912294e+18 7.60764234503192969e+20
1.10700572174432400e-02 9.58875871465959834e+18 7.66294732526999699e+20
1.11291034789220179e-02 9.63416930728810906e+18 7.71844422381332726e+20
1.11881497404007942e-02 9.67990809980334080e+18 7.77411090142493278e+20
1.12471960018795721e-02 9.72597606542022246e+18 7.82994073156183392e+20
1.13062422633583501e-02 9.77237416441072845e+18 7.88593266023539802e+20
1.13652885248371263e-02 9.81910335070953882e+18 7.94208560343909138e+20
1.14243347863159043e-02 9.86616457166949581e+18 7.99839839209496773e+20
1.14833810477946822e-02 9.91355876739276800e+18 8.05486975390020927e+20
1.15424273092734585e-02 9.96128687028459110e+18 8.11149835398116671e+20
1.16014735707522347e-02 1.00093498046815580e+19 8.16828279411339428e+20
1.16605198322310144e-02 1.00577484864752701e+19 8.22522161193635938e+20
1.17195660937097906e-02 1.01064838227313029e+19 8.28231328016320037e+20
1.17786123551885669e-02 1.01555567113036452e+19 8.33955620578570928e+20
1.18376586166673466e-02 1.02049680416045097e+19 8.39694931793070916e+20
1.18967048781461228e-02 1.02547186976484188e+19 8.45449146411904008e+20
1.19557511396248990e-02 1.03048095540949750e+19 8.51218082728598569e+20
1.20147974011036770e-02 1.03552414746694205e+19 8.57001552054379610e+20
1.20738436625824549e-02 1.04060153117474161e+19 8.62799358635994120e+20
1.21328899240612312e-02 1.04571319059352986e+19 8.68611299573222212e+20
1.21919361855400091e-02 1.05085920856460145e+19 8.74437164736115769e+20
1.22509824470187871e-02 1.05603966666698240e+19 8.80276736681910862e+20
1.23100287084975633e-02 1.06125464540162744e+19 8.86129906235959280e+20
1.23690749699763413e-02 1.06650422482974904e+19 8.91996556431299445e+20
1.24281212314551193e-02 1.07178848384354406e+19 8.97876446870729392e+20
1.24871674929338955e-02 1.07710749989301350e+19 9.03769329447883375e+20
1.25462137544126735e-02 1.08246134894024049e+19 9.09674948262859112e+20
1.26052600158914514e-02 1.08785010527711130e+19 9.15592918367515312e+20
1.26643062773702277e-02 1.09327383930712760e+19 9.21522406202246824e+20
1.27233525388490056e-02 1.09873261781518029e+19 9.27463044516139500e+20
1.27823988003277836e-02 1.10422650607500083e+19 9.33414697781493498e+20
1.28414450618065598e-02 1.10975556887607296e+19 9.39377222687532646e+20
1.29004913232853378e-02 1.11531986945915720e+19 9.45350295245985677e+20
1.29595375847641157e-02 1.12091946912608481e+19 9.51333582677142536e+20
1.30185838462428920e-02 1.12655442718756004e+19 9.57326743323406369e+20
1.30776301077216682e-02 1.13222480091050435e+19 9.63329426563066757e+20
1.31366763692004479e-02 1.13793064546491003e+19 9.69341272724299448e+20
1.31957226306792241e-02 1.14367201387006034e+19 9.75361912999310131e+20
1.32547688921580004e-02 1.14944895738919875e+19 9.81391197495202546e+20
1.33138151536367801e-02 1.15526152682670367e+19 9.87428968888865128e+20
1.33728614151155563e-02 1.16110977113623204e+19 9.93474833257554117e+20
1.34319076765943325e-02 1.16699373691742269e+19 9.99528387189361607e+20
1.34909539380731105e-02 1.17291346835978035e+19 1.00558921769967144e+21
1.35500001995518884e-02 1.17886900718575534e+19 1.01165690214782494e+21
1.36090464610306647e-02 1.18486039259359805e+19 1.01773100815450597e+21
1.36680927225094426e-02 1.19088766119954637e+19 1.02381109351951499e+21
1.37271389839882206e-02 1.19695084753452175e+19 1.02989698825981369e+21
1.37861852454669968e-02 1.20304998565874442e+19 1.03598851530452278e+21
1.38452315069457748e-02 1.20918510745273897e+19 1.04208520685253978e+21
1.39042777684245528e-02 1.21535624200495677e+19 1.04818658496697677e+21
1.39633240299033290e-02 1.22156341555168420e+19 1.05429216149677618e+21
1.40223702913821070e-02 1.22780665141650104e+19 1.06040143799910951e+21
1.40814165528608849e-02 1.23408596994935235e+19 1.06651390566264498e+21
1.41404628143396612e-02 1.24040138849692713e+19 1.07262910538285462e+21
1.41995090758184391e-02 1.24675292517487124e+19 1.07874799808254811e+21
1.42585553372972171e-02 1.25314060355485389e+19 1.08487084582496436e+21
1.43176015987759933e-02 1.25956444546966385e+19 1.09099713195305900e+21
1.43766478602547713e-02 1.26602446967088681e+19 1.09712632944655349e+21
1.44356941217335475e-02 1.27252069176746824e+19 1.10325790085121848e+21
1.44947403832123255e-02 1.27905312416387584e+19 1.10939129820914503e+21
1.45537866446911034e-02 1.28562177599797432e+19 1.11552596299013476e+21
1.46128329061698797e-02 1.29222665307830600e+19 1.12166132602399542e+21
1.46718791676486576e-02 1.29886775857226445e+19 1.12779718938230745e+21
1.47309254291274356e-02 1.30554509521004749e+19 1.13393334904092570e+21
1.47899716906062118e-02 1.31225866299157975e+19 1.14006921056058828e+21
1.48490179520849898e-02 1.31900845837475287e+19 1.14620416864522941e+21
1.49080642135637677e-02 1.32579447421128172e+19 1.15233760708134555e+21
1.49671104750425440e-02 1.33261669968195891e+19 1.15846889867845186e+21
1.50261567365213219e-02 1.33947512023170335e+19 1.16459740521098720e+21
1.50852029980000982e-02 1.34636971750422487e+19 1.17072247736158886e+21
1.51442492594788761e-02 1.35330047011540378e+19 1.17684388128526578e+21
1.52032955209576541e-02 1.36026735612029645e+19 1.18296137734612163e+21
1.52623417824364303e-02 1.36727035045780193e+19 1.18907429078155919e+21
1.53213880439152083e-02 1.37430942404948255e+19 1.19518193558054712e+21
1.53804343053939863e-02 1.38138454373291233e+19 1.20128361443534465e+21
1.54394805668727625e-02 1.38849567219486904e+19 1.20737861869495412e+21
1.54985268283515405e-02 1.39564276790416445e+19 1.21346622832017644e+21
1.55575730898303184e-02 1.40282578504436204e+19 1.21954571184052188e+21
1.56166193513090946e-02 1.41004467436485857e+19 1.22561679348905253e+21
1.56756656127878743e-02 1.41729938588713820e+19 1.23167919201436015e+21
1.57347118742666506e-02 1.42458986611158630e+19 1.23773215050121504e+21
1.57937581357454268e-02 1.43191605749962588e+19 1.24377538598633577e+21
1.58528043972242030e-02 1.43927790940398838e+19 1.24981122621745974e+21
1.59118506587029793e-02 1.44667537869592678e+19 1.25583949770526845e+21
1.59708969201817590e-02 1.45410841855728742e+19 1.26185947801227546e+21
1.60299431816605387e-02 1.46157697787248660e+19 1.26787043397797465e+21
1.60889894431393149e-02 1.46908100215496069e+19 1.27387212496462335e+21
1.61480357046180911e-02 1.47662043647202980e+19 1.27986430608254095e+21
1.62070819660968674e-02 1.48419522244583424e+19 1.28584622168170483e+21
1.62661282275756436e-02 1.49180529720498483e+19 1.29181710535856436e+21
1.63251744890544233e-02 1.49945059332092989e+19 1.29777617993533751e+21
1.63842207505332030e-02 1.50713103874430689e+19 1.30372265744121672e+21
1.64432670120119792e-02 1.51484655674121851e+19 1.30965573909546847e+21
1.65023132734907554e-02 1.52259706582928445e+19 1.31557461529235633e+21
1.65613595349695317e-02 1.53038248076518728e+19 1.32147900025343469e+21
1.66204057964483079e-02 1.53820271565552906e+19 1.32736860426328133e+21
1.66794520579270876e-02 1.54605768077409997e+19 1.33324259559929833e+21
1.67384983194058638e-02 1.55394728145188024e+19 1.33910013175504647e+21
1.67975445808846435e-02 1.56187141801328722e+19 1.34494035943639378e+21
1.68565908423634198e-02 1.56982998571253719e+19 1.35076241455987609e+21
1.69156371038421960e-02 1.57782287466984243e+19 1.35656542225308844e+21
1.69746833653209722e-02 1.58584996980785029e+19 1.36234849685747034e+21
1.70337296267997519e-02 1.59391115189147935e+19 1.36811130311968765e+21
1.70927758882785281e-02 1.60200630079652905e+19 1.37385350219881801e+21
1.71518221497573078e-02 1.61013529217236767e+19 1.37957418695918879e+21
1.72108684112360841e-02 1.61829799628064317e+19 1.38527243959742261e+21
1.72699146727148603e-02 1.62649427793215877e+19 1.39094733165735628e+21
1.73289609341936365e-02 1.63472399642416067e+19 1.39659792404761648e+21
1.73880071956724128e-02 1.64298700547759821e+19 1.40222326706151883e+21
1.74470534571511925e-02 1.65128315317445325e+19 1.40782240039942331e+21
1.75060997186299722e-02 1.65961228311425556e+19 1.41339509701209961e+21
1.75651459801087484e-02 1.66797424863982653e+19 1.41894511452276444e+21
1.76241922415875246e-02 1.67636892115817759e+19 1.42447338235716751e+21
1.76832385030663009e-02 1.68479616967963894e+19 1.42997902981646936e+21
1.77422847645450771e-02 1.69325585804602982e+19 1.43546117697187060e+21
1.78013310260238568e-02 1.70174784487637012e+19 1.44091893469148846e+21
1.78603772875026365e-02 1.71027198351256556e+19 1.44635140466906445e+21
1.79194235489814127e-02 1.71882812196540457e+19 1.45175767945482181e+21
1.79784698104601889e-02 1.72741610403931402e+19 1.45713744184081777e+21
1.80375160719389652e-02 1.73603577283678904e+19 1.46249037297861342e+21
1.80965623334177414e-02 1.74468696720746557e+19 1.46781554941209661e+21
1.81556085948965211e-02 1.75336952052187034e+19 1.47311203877407293e+21
1.82146548563752973e-02 1.76208326061915341e+19 1.47837889982860650e+21
1.82737011178540770e-02 1.77082800975463547e+19 1.48361518251514737e+21
1.83327473793328533e-02 1.77960358454804111e+19 1.48881992799517567e+21
1.83917936408116295e-02 1.78840979593166684e+19 1.49399216870077864e+21
1.84508399022904057e-02 1.79724645030077993e+19 1.49913153942181301e+21
1.85098861637691854e-02 1.80611335308964127e+19 1.50423767375734191e+21
1.85689324252479616e-02 1.81501030515414200e+19 1.50930958948350139e+21
1.86279786867267413e-02 1.82393710152561951e+19 1.51434629595262196e+21
1.86870249482055176e-02 1.83289353136130929e+19 1.51934679415389264e+21
1.87460712096842938e-02 1.84187937789506376e+19 1.52431007677625978e+21
1.88051174711630700e-02 1.85089441838861230e+19 1.52923512827383041e+21
1.88641637326418497e-02 1.85993842408318812e+19 1.53412092493364960e+21
1.89232099941206260e-02 1.86901116136662876e+19 1.53896705285664460e+21
1.89822562555994057e-02 1.87811239539345326e+19 1.54377309748402848e+21
1.90413025170781819e-02 1.88724188643004498e+19 1.54853802214310412e+21
1.91003487785569581e-02 1.89639938859860828e+19 1.55326078237489811e+21
1.91593950400357343e-02 1.90558464983143997e+19 1.55794032601435577e+21
1.92184413015145106e-02 1.91479741182560502e+19 1.56257559327295170e+21
1.92774875629932903e-02 1.92403740999820902e+19 1.56716551682393008e+21
1.93365338244720700e-02 1.93330437441579377e+19 1.57170998731935423e+21
1.93955800859508462e-02 1.94259805121849467e+19 1.57621410196901226e+21
1.94546263474296224e-02 1.95191820605959455e+19 1.58067840434231129e+21
1.95136726089083987e-02 1.96126460107505664e+19 1.58510194926843802e+21
1.95727188703871749e-02 1.97063699280203612e+19 1.58948378553058171e+21
1.96317651318659546e-02 1.98003513214347919e+19 1.59382295594562958e+21
1.96908113933447308e-02 1.98945876433313014e+19 1.59811849744561707e+21
1.97498576548235105e-02 1.99890762890096640e+19 1.60236944116097902e+21
1.98089039163022868e-02 2.00838145963923948e+19 1.60657481250576898e+21
1.98679501777810630e-02 2.01787998578424750e+19 1.61073424914119918e+21
1.99269964392598392e-02 2.02740293564986900e+19 1.61484739025411061e+21
1.99860427007386189e-02 2.03695003298608087e+19 1.61891325529765813e+21
2.00450889622173951e-02 2.04652099573748122e+19 1.62293085844733323e+21
2.01041352236961748e-02 2.05611553601239572e+19 1.62689920869566094e+21
2.01631814851749511e-02 2.06573336005253693e+19 1.63081730994879254e+21
2.02222277466537273e-02 2.07537416820333445e+19 1.63468416112509531e+21
2.02812740081325035e-02 2.08503765488465920e+19 1.63849875625555185e+21
2.03403202696112832e-02 2.09472350976487096e+19 1.64226069597000040e+21
2.03993665310900595e-02 2.10443142136045814e+19 1.64596958308111404e+21
2.04584127925688392e-02 2.11416107343706235e+19 1.64962440793133993e+21
2.05174590540476154e-02 2.12391214378558095e+19 1.65322415647146587e+21
2.05765053155263916e-02 2.13368430419661865e+19 1.65676781037062927e+21
2.06355515770051678e-02 2.14347722043553219e+19 1.66025434712826000e+21
2.06945978384839441e-02 2.15329055221829100e+19 1.66368274018812455e+21
2.07536440999627238e-02 2.16312395318762660e+19 1.66705195905408854e+21
2.08126903614415035e-02 2.17297707207210107e+19 1.67036157030787187e+21
2.08717366229202797e-02 2.18284955622922936e+19 1.67361114346703553e+21
2.09307828843990559e-02 2.19274104811260805e+19 1.67679964693953275e+21
2.09898291458778322e-02 2.20265118407464264e+19 1.67992604574517245e+21
2.10488754073566084e-02 2.21257959434681426e+19 1.68298930164084533e+21
2.11079216688353881e-02 2.22252590302090117e+19 1.68598837324790156e+21
2.11669679303141643e-02 2.23248972803075850e+19 1.68892221618142105e+21
2.12260141917929440e-02 2.24247068144907469e+19 1.69179024464457892e+21
2.12850604532717202e-02 2.25246838762796114e+19 1.69459763584166081e+21
2.13441067147504965e-02 2.26248249571421020e+19 1.69734570587199976e+21
2.14031529762292762e-02 2.27251265275751711e+19 1.70003354634357388e+21
2.14621992377080524e-02 2.28255850043862630e+19 1.70266024710546470e+21
2.15212454991868286e-02 2.29261967505932165e+19 1.70522489636129761e+21
2.15802917606656049e-02 2.30269580753291428e+19 1.70772658078387431e+21
2.16393380221443846e-02 2.31278652337569464e+19 1.71016438563132670e+21
2.16983842836231608e-02 2.32289144269885071e+19 1.71253739486446066e+21
2.17574305451019370e-02 2.33301018132032963e+19 1.71484526031309688e+21
2.18164768065807167e-02 2.34314235413430927e+19 1.71708763889903495e+21
2.18755230680594930e-02 2.35328757177928008e+19 1.71926362067582871e+21
2.19345693295382692e-02 2.36344543951859098e+19 1.72137229493710619e+21
2.19936155910170489e-02 2.37361555723619451e+19 1.72341275033958220e+21
2.20526618524958251e-02 2.38379751943341343e+19 1.72538407502756499e+21
2.21117081139746013e-02 2.39399091522612756e+19 1.72728535675854756e+21
2.21707543754533810e-02 2.40419532834298675e+19 1.72911568303030665e+21
2.22298006369321573e-02 2.41441033820255068e+19 1.73087468947079456e+21
2.22888468984109335e-02 2.42463552316542484e+19 1.73256201761134975e+21
2.23478931598897132e-02 2.43487045733017641e+19 1.73417676383922002e+21
2.24069394213684894e-02 2.44511470946076221e+19 1.73571802484976176e+21
2.24659856828472657e-02 2.45536784298862346e+19 1.73718489777859907e+21
2.25250319443260454e-02 2.46562941601580687e+19 1.73857648033520969e+21
2.25840782058048216e-02 2.47589898131865559e+19 1.73989187093760652e+21
2.26431244672835978e-02 2.48617608635245978e+19 1.74113016884841284e+21
2.27021707287623775e-02 2.49646027428876042e+19 1.74229099895064678e+21
2.27612169902411537e-02 2.50675108713382830e+19 1.74337399291220748e+21
2.28202632517199300e-02 2.51704806266961019e+19 1.74437826188448681e+21
2.28793095131987097e-02 2.52735073343374828e+19 1.74530291845795231e+21
2.29383557746774859e-02 2.53765862672875971e+19 1.74614707680300945e+21
2.29974020361562621e-02 2.54797126463165645e+19 1.74690985281175867e+21
2.30564482976350384e-02 2.55828816400455516e+19 1.74759036424106174e+21
2.31154945591138181e-02 2.56860883650614190e+19 1.74818773085678443e+21
2.31745408205925943e-02 2.57893278958431273e+19 1.74870157306321830e+21
2.32335870820713705e-02 2.58925953238676152e+19 1.74913353387922371e+21
2.32926333435501502e-02 2.59958859635032146e+19 1.74948786671803223e+21
2.33516796050289265e-02 2.60991952221194691e+19 1.74976406705929034e+21
2.34107258665077027e-02 2.62025184643082772e+19 1.74996139098532060e+21
2.34697721279864824e-02 2.63058510108203663e+19 1.75007909749491447e+21
2.35288183894652586e-02 2.64091881387429519e+19 1.75011644862541332e+21
2.35878646509440348e-02 2.65125250816819773e+19 1.75007270957524058e+21
2.36469109124228145e-02 2.66158570391979950e+19 1.74994761893200606e+21
2.37059571739015908e-02 2.67191792048981811e+19 1.74974092389951996e+21
2.37650034353803670e-02 2.68224867391692554e+19 1.74945190772925137e+21
2.38240496968591467e-02 2.69257747601855652e+19 1.74907985735051824e+21
2.38830959583379229e-02 2.70290383441290895e+19 1.74862406349430194e+21
2.39421422198166992e-02 2.71322725254164316e+19 1.74808382081756037e+21
2.40011884812954789e-02 2.72354722969359442e+19 1.74745842802823293e+21
2.40602347427742551e-02 2.73386326102899343e+19 1.74674718801060823e+21
2.41192810042530313e-02 2.74417483846956646e+19 1.74594984775987207e+21
2.41783272657318110e-02 2.75448145333399265e+19 1.74506616369707378e+21
2.42373735272105872e-02 2.76478259379536364e+19 1.74409545949837237e+21
2.42964197886893635e-02 2.77507774404709704e+19 1.74303706353405867e+21
2.43554660501681432e-02 2.78536638433105142e+19 1.74189030899457878e+21
2.44145123116469194e-02 2.79564799096638751e+19 1.74065453401696030e+21
2.44735585731256956e-02 2.80592203637917000e+19 1.73932908181163265e+21
2.45326048346044719e-02 2.81618798913253908e+19 1.73791330078953177e+21
2.45916510960832516e-02 2.82644531476028334e+19 1.73640695258852491e+21
2.46506973575620278e-02 2.83669347821931069e+19 1.73480980910032237e+21
2.47097436190408040e-02 2.84693194154055885e+19 1.73312124230360288e+21
2.47687898805195837e-02 2.85716016306345615e+19 1.73134062989157152e+21
2.48278361419983599e-02 2.86737759747013059e+19 1.72946735539904551e+21
2.48868824034771362e-02 2.87758369582032650e+19 1.72750080832978734e+21
2.49459286649559159e-02 2.88777790558693540e+19 1.72544038428401677e+21
2.50049749264346921e-02 2.89795967069240115e+19 1.72328548508624539e+21
2.50640211879134683e-02 2.90812843228275098e+19 1.72103589358613955e+21
2.51230674493922480e-02 2.91828363098957660e+19 1.71869140372232156e+21
2.51821137108710243e-02 2.92842470478212792e+19 1.71625144366880784e+21
2.52411599723498005e-02 2.93855108827289231e+19 1.71371544832878733e+21
2.53002062338285802e-02 2.94866221502583071e+19 1.71108447508460575e+21
2.53592524953073564e-02 2.95875753775394365e+19 1.70836248132549896e+21
2.54182987567861327e-02 2.96883651903889244e+19 1.70554926701930401e+21
2.54773450182649124e-02 2.97889861892032307e+19 1.70264438040445374e+21
2.55363912797436886e-02 2.98894329546035773e+19 1.69964771710104895e+21
2.55954375412224648e-02 2.99897000680649236e+19 1.69655918421948917e+21
2.56544838027012445e-02 3.00897820924807086e+19 1.69337835781525471e+21
2.57135300641800207e-02 3.01896735659257283e+19 1.69010482119367669e+21
2.57725763256587970e-02 3.02893690020860027e+19 1.68673816501024902e+21
2.58316225871375767e-02 3.03888628906979533e+19 1.68327798737087811e+21
2.58906688486163529e-02 3.04881496979898040e+19 1.67972389393167994e+21
2.59497151100951291e-02 3.05872238671294956e+19 1.67607549799853877e+21
2.60087613715739088e-02 3.06860798246885376e+19 1.67233272605667177e+21
2.60678076330526851e-02 3.07847119992434565e+19 1.66849551669374694e+21
2.61268538945314613e-02 3.08831148040450621e+19 1.66456351312200493e+21
2.61859001560102375e-02 3.09812826315134566e+19 1.66053636657157400e+21
2.62449464174890172e-02 3.10792098537138422e+19 1.65641373638666827e+21
2.63039926789677934e-02 3.11768908228386775e+19 1.65219529012143351e+21
2.63630389404465697e-02 3.12743198716971745e+19 1.64788070363549454e+21
2.64220852019253494e-02 3.13714913142041354e+19 1.64346966118875975e+21
2.64811314634041256e-02 3.14683994511919391e+19 1.63896212551064040e+21
2.65401777248829018e-02 3.15650385869592289e+19 1.63435807200565055e+21
2.65992239863616815e-02 3.16614030140659343e+19 1.62965721680314997e+21
2.66582702478404578e-02 3.17574870085675213e+19 1.62485928477163336e+21
2.67173165093192340e-02 3.18532848305341317e+19 1.61996400960969402e+21
2.67763627707980137e-02 3.19487907245746913e+19 1.61497113393645565e+21
2.68354090322767899e-02 3.20439989203679478e+19 1.60988040938153050e+21
2.68944552937555661e-02 3.21389036331929027e+19 1.60469159667414204e+21
2.69535015552343458e-02 3.22334990690811699e+19 1.59940470005383011e+21
2.70125478167131221e-02 3.23277794392936571e+19 1.59401973695595414e+21
2.70715940781918983e-02 3.24217389472563773e+19 1.58853650178426824e+21
2.71306403396706780e-02 3.25153717845323325e+19 1.58295479834704819e+21
2.71896866011494542e-02 3.26086721313790239e+19 1.57727443994161027e+21
2.72487328626282305e-02 3.27016341573133189e+19 1.57149524943826374e+21
2.73077791241070102e-02 3.27942520216764867e+19 1.56561705936334750e+21
2.73668253855857864e-02 3.28865198742096118e+19 1.55963971198182123e+21
2.74258716470645626e-02 3.29784318605637345e+19 1.55356344842192316e+21
2.74849179085433423e-02 3.30699822326957097e+19 1.54739187757433461e+21
2.75439641700221186e-02 3.31611654202475684e+19 1.54112625487040112e+21
2.76030104315008948e-02 3.32519758680343470e+19 1.53476652177311348e+21
2.76620566929796710e-02 3.33424080176938271e+19 1.52831262922944859e+21
2.77211029544584507e-02 3.34324563082492805e+19 1.52176453772910002e+21
2.77801492159372269e-02 3.35221151766743613e+19 1.51512221736228146e+21
2.78391954774160032e-02 3.36113790584611635e+19 1.50838564787664558e+21
2.78982417388947829e-02 3.37002423914046300e+19 1.50155498217660586e+21
2.79572880003735591e-02 3.37886996259218801e+19 1.49463038651588333e+21
2.80163342618523353e-02 3.38767452161757553e+19 1.48761187527046778e+21
2.80753805233311150e-02 3.39643736174687478e+19 1.48049947262786444e+21
2.81344267848098913e-02 3.40515792868210524e+19 1.47329321263784133e+21
2.81934730462886675e-02 3.41383566835557130e+19 1.46599313926239053e+21
2.82525193077674472e-02 3.42247002698866975e+19 1.45859930642473261e+21
2.83115655692462234e-02 3.43106045115055309e+19 1.45111177805714843e+21
2.83706118307249996e-02 3.43960638807058186e+19 1.44353075685015211e+21
2.84296580922037793e-02 3.44810728646630769e+19 1.43585645900001260e+21
2.84887043536825556e-02 3.45656259586223145e+19 1.42808898379557477e+21
2.85477506151613318e-02 3.46497176639892070e+19 1.42022844064307295e+21
2.86067968766401115e-02 3.47333424889288950e+19 1.41227494910756520e+21
2.86658431381188877e-02 3.48164949489684029e+19 1.40422863895335456e+21
2.87248893995976640e-02 3.48991695675967734e+19 1.39608965018316099e+21
2.87839356610764437e-02 3.49813608768756695e+19 1.38785813307652807e+21
2.88429819225552199e-02 3.50630634199028818e+19 1.37953434295843842e+21
2.89020281840339961e-02 3.51442717571025756e+19 1.37111854872221162e+21
2.89610744455127758e-02 3.52249804614183772e+19 1.36261093646275183e+21
2.90201207069915521e-02 3.53051841170879283e+19 1.35401170261153939e+21
2.90791669684703283e-02 3.53848773202528993e+19 1.34532105396784988e+21
2.91382132299491045e-02 3.54640546795729265e+19 1.33653920772890506e+21
2.91972594914278842e-02 3.55427108168397087e+19 1.32766639151878924e+21
2.92563057529066604e-02 3.56208403675937956e+19 1.31870284341623338e+21
2.93153520143854367e-02 3.56984379829537956e+19 1.30964887372872548e+21
2.93743982758642164e-02 3.57754983339621048e+19 1.30050480629294485e+21
2.94334445373429926e-02 3.58520161087230935e+19 1.29127091517323005e+21
2.94924907988217688e-02 3.59279860118324675e+19 1.28194748489756626e+21
2.95515370603005485e-02 3.60034027649959895e+19 1.27253481047805998e+21
2.96105833217793248e-02 3.60782611076484465e+19 1.26303319743013087e+21
2.96696295832581010e-02 3.61525558006251233e+19 1.25344331542408174e+21
2.97286758447368807e-02 3.62262817194951148e+19 1.24376824721770571e+21
2.97877221062156569e-02 3.62994338734336655e+19 1.23400896691591001e+21
2.98467683676944331e-02 3.63720073023029412e+19 1.22416588243332314e+21
2.99058146291732128e-02 3.64439970692228956e+19 1.21423938303977036e+21
2.99648608906519891e-02 3.65153982605906125e+19 1.20422986788337248e+21
3.00239071521307653e-02 3.65862059866625188e+19 1.19413774598967158e+21
3.00829534136095450e-02 3.66564153821386097e+19 1.18396343625960417e+21
3.01419996750883212e-02 3.67260216067443794e+19 1.17370736746617517e+21
3.02010459365670975e-02 3.67950198458146243e+19 1.16336997824996862e+21
3.02600921980458772e-02 3.68634053108623811e+19 1.15295171665712749e+21
3.03191384595246534e-02 3.69311732402025677e+19 1.14245304318102864e+21
3.03781847210034296e-02 3.69983188997020140e+19 1.13187442983585985e+21
3.04372309824822093e-02 3.70648375833851167e+19 1.12121635836776022e+21
3.04962772439609855e-02 3.71307246140082176e+19 1.11047932024303085e+21
3.05553235054397618e-02 3.71959753436338094e+19 1.09966381663510607e+21
3.06143697669185380e-02 3.72605851542037545e+19 1.08877035841025409e+21
3.06734160283973177e-02 3.73245494581093908e+19 1.07779946611196494e+21
3.07324622898760939e-02 3.73878636981846344e+19 1.06675164064345529e+21
3.07915085513548702e-02 3.74505233466058834e+19 1.05562739490616666e+21
3.08505548128336499e-02 3.75125239073180467e+19 1.04442728181969728e+21
3.09096010743124261e-02 3.75738609171967263e+19 1.03315186379402510e+21
3.09686473357912023e-02 3.76345299466032169e+19 1.02180171270652337e+21
3.10276935972699820e-02 3.76945265999452160e+19 1.01037740987788611e+21
3.10867398587487583e-02 3.77538465162346742e+19 9.98879546046757601e+20
3.11457861202275345e-02 3.78124853696404029e+19 9.87308721342981997e+20
3.12048323817063142e-02 3.78704388689309123e+19 9.75665488850524570e+20
3.12638786431850904e-02 3.79277027547497103e+19 9.63950413091607151e+20
3.13229249046638666e-02 3.79842728036106895e+19 9.52164125264935387e+20
3.13819711661426498e-02 3.80401448295672791e+19 9.40307265722461061e+20
3.14410174276214260e-02 3.80953146847537070e+19 9.28380483935507055e+20
3.15000636891002023e-02 3.81497782599196672e+19 9.16384438459511734e+20
3.15591099505789785e-02 3.82035314849701560e+19 9.04319796897679802e+20
3.16181562120577547e-02 3.82565703294932828e+19 8.92187235863123722e+20
3.16772024735365310e-02 3.83088908016859546e+19 8.79987359316956152e+20
3.17362487350153072e-02 3.83604889441094042e+19 8.67720781988243833e+20
3.17952949964940834e-02 3.84113608391341425e+19 8.55388209943890362e+20
3.18543412579728596e-02 3.84615026110787256e+19 8.42990357972589871e+20
3.19133875194516428e-02 3.85109104267245158e+19 8.30527949540015735e+20
3.19724337809304190e-02 3.85595804960712131e+19 8.18001773826532573e+20
3.20314800424091953e-02 3.86075091139298509e+19 8.05414163887896003e+20
3.20905263038879784e-02 3.86546927066616218e+19 7.92766598746574815e+20
3.21495725653667547e-02 3.87011277546712760e+19 7.80059740419654943e+20
3.22086188268455309e-02 3.87468107756640666e+19 7.67294260448864633e+20
3.22676650883243071e-02 3.87917383313862164e+19 7.54470943763591070e+20
3.23267113498030834e-02 3.88359070301599826e+19 7.41590583018269704e+20
3.23857576112818596e-02 3.88793135273371976e+19 7.28653978533033542e+20
3.24448038727606358e-02 3.89219545257509192e+19 7.15661938233288950e+20
3.25038501342394121e-02 3.89638267761607311e+19 7.02615277588150878e+20
3.25628963957181883e-02 3.90049270776996413e+19 6.89514819547877999e+20
3.26219426571969645e-02 3.90452522758336922e+19 6.76361268691905413e+20
3.26809889186757477e-02 3.90847992554052157e+19 6.63155338211898556e+20
3.27400351801545239e-02 3.91235649485576929e+19 6.49897874903026237e+20
3.27990814416333001e-02 3.91615463376455434e+19 6.36589732644777230e+20
3.28581277031120833e-02 3.91987404556469617e+19 6.23231772332283658e+20
3.29171739645908595e-02 3.92351443865802834e+19 6.09824861806703149e+20
3.29762202260696358e-02 3.92707552659094077e+19 5.96369875784483865e+20
3.30352664875484120e-02 3.93055702809474171e+19 5.82867695785636594e+20
3.30943127490271882e-02 3.93395866684125184e+19 5.69319065580663341e+20
3.31533590105059645e-02 3.93728017063170867e+19 5.55724736547912090e+20
3.32124052719847407e-02 3.94052127229382164e+19 5.42085611498903634e+20
3.32714515334635169e-02 3.94368171000493425e+19 5.28402599611428307e+20
3.33304977949422931e-02 3.94676122732932792e+19 5.14676616352249545e+20
3.33895440564210763e-02 3.94975957325515899e+19 5.00908583398839026e+20
3.34485903178998525e-02 3.95267650223089828e+19 4.87099428560174645e+20
3.35076365793786288e-02 3.95551177420134810e+19 4.73250085696604078e+20
3.35666828408574119e-02 3.95826515432638710e+19 4.59361333879350034e+20
3.36257291023361882e-02 3.96093641206880829e+19 4.45433958698569105e+20
3.36847753638149644e-02 3.96352532218102333e+19 4.31468912516316791e+20
3.37438216252937406e-02 3.96603166505517548e+19 4.17467153271537861e+20
3.38028678867725169e-02 3.96845522675609354e+19 4.03429644394873881e+20
3.38619141482512931e-02 3.97079579905320632e+19 3.89357354722551333e+20
3.39209604097300693e-02 3.97305317945236275e+19 3.75251258409457746e+20
3.39800066712088455e-02 3.97522717122681733e+19 3.61112334841358451e+20
3.40390529326876218e-02 3.97731758310457999e+19 3.46941394020840767e+20
3.40980991941663980e-02 3.97932422826852106e+19 3.32739251304621605e+20
3.41571454556451812e-02 3.98124692541791191e+19 3.18506901577050489e+20
3.42161917171239574e-02 3.98308549914059981e+19 3.04245344445552919e+20
3.42752379786027336e-02 3.98483977994027991e+19 2.89955584148318126e+20
3.43342842400815168e-02 3.98650960426384015e+19 2.75638629461276099e+20
3.43933305015602930e-02 3.98809481483016684e+19 2.61295736294021333e+20
3.44523767630390693e-02 3.98959526433378796e+19 2.46928808567118660e+20
3.45114230245178455e-02 3.99101081392886743e+19 2.32538763089138156e+20
3.45704692859966217e-02 3.99234132940656640e+19 2.18126439045615256e+20
3.46295155474753980e-02 3.99358668225519780e+19 2.03692864987170374e+20
3.46885618089541742e-02 3.99474675004677571e+19 1.89239073020219392e+20
3.47476080704329504e-02 3.99582141645764280e+19 1.74766098708146684e+20
3.48066543319117266e-02 3.99681057128886190e+19 1.60274980971938808e+20
3.48657005933905098e-02 3.99771411048561213e+19 1.45766761990275482e+20
3.49247468548692860e-02 3.99853193615596012e+19 1.31242487099115553e+20
3.49837931163480623e-02 3.99926395620742922e+19 1.16703010511074410e+20
3.50428393778268454e-02 3.99991008321682719e+19 1.02149189018168476e+20
3.51018856393056217e-02 4.00047023559193395e+19 8.75820761414292439e+19
3.51609319007843979e-02 4.00094433796884644e+19 7.30027279976003912e+19
3.52199781622631741e-02 4.00133232122702234e+19 5.84122031959173120e+19
3.52790244237419504e-02 4.00163412250365215e+19 4.38115627344746496e+19
3.53380706852207266e-02 4.00184968520767570e+19 2.92018698961953260e+19
3.53971169466995028e-02 4.00197895903271813e+19 1.45841901444355912e+19
3.54561632081782790e-02 4.00202189957628887e+19 -4.06089119983921760e+16
3.55152094696570553e-02 4.00197846716954624e+19 -1.46716584117410365e+19
3.55742557311358315e-02 4.00184862806458860e+19 -2.93078881749995561e+19
3.56333019926146147e-02 4.00163235483739095e+19 -4.39482264201765929e+19
3.56923482540933909e-02 4.00132962639682273e+19 -5.85915998703369994e+19
3.57513945155721671e-02 4.00094042799326003e+19 -7.32369338599645676e+19
3.58104407770509503e-02 4.00046475122638356e+19 -8.78831524419557130e+19
3.58694870385297265e-02 3.99990259405239747e+19 -1.02529178494852465e+20
3.59285333000085028e-02 3.99925396039160873e+19 -1.17174136722306171e+20
3.59875795614872790e-02 3.99851885893355192e+19 -1.31817151927775101e+20
3.60466258229660552e-02 3.99769730433411727e+19 -1.46457145820155085e+20
3.61056720844448314e-02 3.99678931761801298e+19 -1.61093039524389323e+20
3.61647183459236077e-02 3.99579492618165617e+19 -1.75723753689998230e+20
3.62237646074023839e-02 3.99471416379584594e+19 -1.90348208599757357e+20
3.62828108688811601e-02 3.99354707060738130e+19 -2.04965324278466740e+20
3.63418571303599433e-02 3.99229369314064302e+19 -2.19574020601834373e+20
3.64009033918387195e-02 3.99095408389815173e+19 -2.34173420433618010e+20
3.64599496533174958e-02 3.98952830015871386e+19 -2.48762648101905203e+20
3.65189959147962789e-02 3.98801640516706550e+19 -2.63340625902435434e+20
3.65780421762750552e-02 3.98641846853008425e+19 -2.77906276578541371e+20
3.66370884377538314e-02 3.98473456621391708e+19 -2.92458523430544048e+20
3.66961346992326076e-02 3.98296478054031032e+19 -3.06996290425129468e+20
3.67551809607113839e-02 3.98110920018221466e+19 -3.21518502304661897e+20
3.68142272221901601e-02 3.97916792015919268e+19 -3.36024084696481989e+20
3.68732734836689363e-02 3.97714104153368166e+19 -3.50512094284403245e+20
3.69323197451477125e-02 3.97502867112819917e+19 -3.64981455255826596e+20
3.69913660066264888e-02 3.97283092227182182e+19 -3.79431089436980871e+20
3.70504122681052650e-02 3.97054791458293350e+19 -3.93859933834484711e+20
3.71094585295840412e-02 3.96817977395166249e+19 -4.08266927104239272e+20
3.71685047910628313e-02 3.96572663252992737e+19 -4.22651009659834204e+20
3.72275510525416076e-02 3.96318862872056627e+19 -4.37011123780680090e+20
3.72865973140203838e-02 3.96056590716609085e+19 -4.51346213719888626e+20
3.73456435754991600e-02 3.95785861835372790e+19 -4.65655420551642939e+20
3.74046898369779363e-02 3.95506691744765460e+19 -4.79937889580470567e+20
3.74637360984567125e-02 3.95219096541385032e+19 -4.94192574808578261e+20
3.75227823599354887e-02 3.94923092938723246e+19 -5.08418432802049753e+20
3.75818286214142649e-02 3.94618698265577882e+19 -5.22614422797396148e+20
3.76408748828930412e-02 3.94305930464461701e+19 -5.36779506807829496e+20
3.76999211443718174e-02 3.93984808089958728e+19 -5.50912649729148125e+20
3.77589674058505936e-02 3.93655350306944123e+19 -5.65012819445104574e+20
3.78180136673293699e-02 3.93317576852171244e+19 -5.79079173239994712e+20
3.78770599288081461e-02 3.92971507921817354e+19 -5.93110873941305065e+20
3.79361061902869362e-02 3.92617164278214001e+19 -6.07106902664045658e+20
3.79951524517657124e-02 3.92254567284261601e+19 -6.21066244089579700e+20
3.80541987132444887e-02 3.91883738901293711e+19 -6.34987886569027142e+20
3.81132449747232649e-02 3.91504701686872146e+19 -6.48870822226128667e+20
3.81722912362020411e-02 3.91117478792536064e+19 -6.62714047059617907e+20
3.82313374976808173e-02 3.90722093961478226e+19 -6.76516561044998586e+20
3.82903837591595936e-02 3.90318571491750543e+19 -6.90277543270855606e+20
3.83494300206383698e-02 3.89906936129797325e+19 -7.03996179636829422e+20
3.84084762821171460e-02 3.89487213169827103e+19 -7.17671486722067661e+20
3.84675225435959223e-02 3.89059428485378458e+19 -7.31302485643542004e+20
3.85265688050746985e-02 3.88623608526634107e+19 -7.44888202155104666e+20
3.85856150665534747e-02 3.88179780317616947e+19 -7.58427666745782829e+20
3.86446613280322648e-02 3.87727971453410099e+19 -7.71919914737560584e+20
3.87037075895110411e-02 3.87268210097233510e+19 -7.85363986382309818e+20
3.87627538509898173e-02 3.86800524945901978e+19 -7.98759087911284113e+20
3.88218001124685935e-02 3.86324945130997924e+19 -8.12104433576659386e+20
3.88808463739473698e-02 3.85841500309264302e+19 -8.25399083461884903e+20
3.89398926354261460e-02 3.85350220690813338e+19 -8.38642103118743077e+20
3.89989388969049222e-02 3.84851137035873731e+19 -8.51832563660861735e+20
3.90579851583836984e-02 3.84344280651491492e+19 -8.64969541856494617e+20
3.91170314198624747e-02 3.83829683388141404e+19 -8.78052120220410839e+20
3.91760776813412509e-02 3.83307377636330947e+19 -8.91079387105107378e+20
3.92351239428200271e-02 3.82777396294787891e+19 -9.04050580898430714e+20
3.92941702042988034e-02 3.82239772681033810e+19 -9.16964949148785705e+20
3.93532164657775796e-02 3.81694540611123118e+19 -9.29821603090685493e+20
3.94122627272563697e-02 3.81141734422325166e+19 -9.42619681036313297e+20
3.94713089887351459e-02 3.80581388911469199e+19 -9.55358482816481231e+20
3.95303552502139222e-02 3.80013539316309688e+19 -9.68037181265224532e+20
3.95894015116926984e-02 3.79438221379845980e+19 -9.80654916381974725e+20
3.96484477731714746e-02 3.78855471350909501e+19 -9.93210834808290148e+20
3.97074940346502508e-02 3.78265325955750461e+19 -1.00570421446912088e+21
3.97665402961290271e-02 3.77667822319648358e+19 -1.01813434345935182e+21
3.98255865576078033e-02 3.77062998034487788e+19 -1.03050039399936557e+21
3.98846328190865795e-02 3.76450891178832364e+19 -1.04280154543008868e+21
3.99436790805653558e-02 3.75831540313700680e+19 -1.05503698429243805e+21
4.00027253420441320e-02 3.75204984478273372e+19 -1.06720590440567367e+21
4.00617716035229082e-02 3.74571263185589289e+19 -1.07930750694480819e+21
4.01208178650016983e-02 3.73930416418167194e+19 -1.09134100051687480e+21
4.01798641264804746e-02 3.73282484603500380e+19 -1.10330570361671608e+21
4.02389103879592508e-02 3.72627508548226908e+19 -1.11520094587443479e+21
4.02979566494380270e-02 3.71965529492082278e+19 -1.12702596408045902e+21
4.03570029109168033e-02 3.71296589123135324e+19 -1.13878000289757292e+21
4.04160491723955795e-02 3.70620729573105582e+19 -1.15046231493165790e+21
4.04750954338743557e-02 3.69937993412664361e+19 -1.16207216080139872e+21
4.05341416953531319e-02 3.69248423646670438e+19 -1.17360880920679861e+21
4.05931879568319082e-02 3.68552063709392118e+19 -1.18507153699662856e+21
4.06522342183106844e-02 3.67848957444426015e+19 -1.19645970690148794e+21
4.07112804797894606e-02 3.67139149053011763e+19 -1.20777269364923879e+21
4.07703267412682369e-02 3.66422683132898509e+19 -1.21900980460874288e+21
4.08293730027470131e-02 3.65699604688288768e+19 -1.23017035569578692e+21
4.08884192642258032e-02 3.64969959124766228e+19 -1.24125367143446322e+21
4.09474655257045794e-02 3.64233792244212163e+19 -1.25225908501747414e+21
4.10065117871833557e-02 3.63491150239656141e+19 -1.26318593836512759e+21
4.10655580486621319e-02 3.62742079690101842e+19 -1.27403358218318329e+21
4.11246043101409081e-02 3.61986627545433375e+19 -1.28480142654324946e+21
4.11836505716196843e-02 3.61224841090361467e+19 -1.29548889426495747e+21
4.12426968330984606e-02 3.60456767966804296e+19 -1.30609536862124455e+21
4.13017430945772368e-02 3.59682456178156421e+19 -1.31662024202306558e+21
4.13607893560560130e-02 3.58901954083840205e+19 -1.32706291607070127e+21
4.14198356175347893e-02 3.58115310393903964e+19 -1.33742280160412330e+21
4.14788818790135655e-02 3.57322574163516006e+19 -1.34769931875185354e+21
4.15379281404923417e-02 3.56523794787501015e+19 -1.35789189697885307e+21
4.15969744019711318e-02 3.55719021990677176e+19 -1.36799999620742591e+21
4.16560206634499081e-02 3.54908305808877240e+19 -1.37802308974100637e+21
4.17150669249286843e-02 3.54091696593561846e+19 -1.38796064135122308e+21
4.17741131864074605e-02 3.53269245009991475e+19 -1.39781212444988906e+21
4.18331594478862367e-02 3.52441002031477187e+19 -1.40757702212983770e+21
4.18922057093650130e-02 3.51607018933692662e+19 -1.41725482720484891e+21
4.19512519708437892e-02 3.50767347288900772e+19 -1.42684504224805185e+21
4.20102982323225654e-02 3.49922038960192307e+19 -1.43634717962922649e+21
4.20693444938013417e-02 3.49071146097616445e+19 -1.44576075228786668e+21
4.21283907552801179e-02 3.48214721135569756e+19 -1.45508529159918191e+21
4.21874370167588941e-02 3.47352816777001943e+19 -1.46432035181534459e+21
4.22464832782376704e-02 3.46485485985109852e+19 -1.47346549720851100e+21
4.23055295397164466e-02 3.45612781977394545e+19 -1.48252030212627759e+21
4.23645758011952367e-02 3.44734758219717263e+19 -1.49148435101994949e+21
4.24236220626740129e-02 3.43851468420300636e+19 -1.50035723847128685e+21
4.24826683241527892e-02 3.42962966523768054e+19 -1.50913856921816400e+21
4.25417145856315654e-02 3.42069306713856410e+19 -1.51782791401280661e+21
4.26007608471103416e-02 3.41170543432453571e+19 -1.52642485787592832e+21
4.26598071085891178e-02 3.40266731345194967e+19 -1.53492904233139044e+21
4.27188533700678941e-02 3.39357925326331126e+19 -1.54334011925398369e+21
4.27778996315466703e-02 3.38444180452603290e+19 -1.55165775088743717e+21
4.28369458930254465e-02 3.37525551997126328e+19 -1.55988160986120192e+21
4.28959921545042228e-02 3.36602095423240602e+19 -1.56801137920579129e+21
4.29550384159829990e-02 3.35673866378369925e+19 -1.57604675236689084e+21
4.30140846774617752e-02 3.34740920703593964e+19 -1.58398735359247594e+21
4.30731309389405653e-02 3.33803314473447301e+19 -1.59183282164628167e+21
4.31321772004193416e-02 3.32861103940459807e+19 -1.59958288747725482e+21
4.31912234618981178e-02 3.31914345512922849e+19 -1.60723729258777438e+21
4.32502697233768940e-02 3.30963095748623974e+19 -1.61479578904006230e+21
4.33093159848556702e-02 3.30007411348647363e+19 -1.62225813946164943e+21
4.33683622463344465e-02 3.29047349151105188e+19 -1.62962411704922486e+21
4.34274085078132227e-02 3.28082966124911206e+19 -1.63689350557142431e+21
4.34864547692919989e-02 3.27114319386562109e+19 -1.64406598264142089e+21
4.35455010307707752e-02 3.26141466261762785e+19 -1.65114124050472659e+21
4.36045472922495514e-02 3.25164464208001597e+19 -1.65811910080035632e+21
4.36635935537283276e-02 3.24183370784940483e+19 -1.66499939582023460e+21
4.37226398152071039e-02 3.23198243648112435e+19 -1.67178196850435870e+21
4.37816860766858801e-02 3.22209140542665277e+19 -1.67846667243496276e+21
4.38407323381646702e-02 3.21216119297043005e+19 -1.68505337182909288e+21
4.38997785996434464e-02 3.20219237816730952e+19 -1.69154194153024966e+21
4.39588248611222226e-02 3.19218554108598764e+19 -1.69793211173293995e+21
4.40178711226009989e-02 3.18214126365251502e+19 -1.70422362725220037e+21
4.40769173840797751e-02 3.17206012864879903e+19 -1.71041640082315438e+21
4.41359636455585513e-02 3.16194271934066401e+19 -1.71651035583117132e+21
4.41950099070373276e-02 3.15178961941464760e+19 -1.72250542629585184e+21
4.42540561685161038e-02 3.14160141291578900e+19 -1.72840155685434635e+21
4.43131024299948800e-02 3.13137868418458501e+19 -1.73419870274296349e+21
4.43721486914736563e-02 3.12112201779461775e+19 -1.73989682977793140e+21
4.44311949529524325e-02 3.11083199887440036e+19 -1.74549571932606851e+21
4.44902412144312087e-02 3.10050921418650051e+19 -1.75099516723892034e+21
4.45492874759099988e-02 3.09015425089175552e+19 -1.75639517690807425e+21
4.46083337373887751e-02 3.07976769609982198e+19 -1.76169576227215140e+21
4.46673799988675513e-02 3.06935013680704143e+19 -1.76689694779037634e+21
4.47264262603463275e-02 3.05890215983427789e+19 -1.77199876841492316e+21
4.47854725218251037e-02 3.04842435306175734e+19 -1.77700056125121312e+21
4.48445187833038800e-02 3.03791731044333076e+19 -1.78190147141016538e+21
4.49035650447826562e-02 3.02738162785898455e+19 -1.78670135664462057e+21
4.49626113062614324e-02 3.01681790242779382e+19 -1.79140009327871394e+21
4.50216575677402087e-02 3.00622673103210414e+19 -1.79599780577379798e+21
4.50807038292189849e-02 2.99560870978849260e+19 -1.80049462905549855e+21
4.51397500906977611e-02 2.98496443398606479e+19 -1.80489070846899991e+21
4.51987963521765373e-02 2.97429449802508534e+19 -1.80918619973330901e+21
4.52578426136553136e-02 2.96359949535576351e+19 -1.81338126889440536e+21
4.53168888751341037e-02 2.95288001841759724e+19 -1.81747609227755441e+21
4.53759351366128799e-02 2.94213665912451482e+19 -1.82147057933045413e+21
4.54349813980916561e-02 2.93137001043128730e+19 -1.82536465343330727e+21
4.54940276595704324e-02 2.92058066461641974e+19 -1.82915852709993670e+21
4.55530739210492086e-02 2.90976921267370025e+19 -1.83285242294733924e+21
4.56121201825279848e-02 2.89893624425284690e+19 -1.83644657364119926e+21
4.56711664440067611e-02 2.88808234760022548e+19 -1.83994122184029713e+21
4.57302127054855373e-02 2.87720810949995151e+19 -1.84333662014005287e+21
4.57892589669643135e-02 2.86631411521554350e+19 -1.84663303101530191e+21
4.58483052284430898e-02 2.85540094905977364e+19 -1.84983040784499291e+21
4.59073514899218660e-02 2.84446919621064786e+19 -1.85292871740133605e+21
4.59663977514006422e-02 2.83351944075065180e+19 -1.85592825689915077e+21
4.60254440128794323e-02 2.82255226497886945e+19 -1.85882933320366948e+21
4.60844902743582086e-02 2.81156824935399301e+19 -1.86163226276684707e+21
4.61435365358369848e-02 2.80056797243821548e+19 -1.86433737156320821e+21
4.62025827973157610e-02 2.78955201084091228e+19 -1.86694499502452035e+21
4.62616290587945372e-02 2.77852093916307988e+19 -1.86945547797391815e+21
4.63206753202733135e-02 2.76747533065284813e+19 -1.87186881372126813e+21
4.63797215817520897e-02 2.75641575927191880e+19 -1.87418500833419330e+21
4.64387678432308659e-02 2.74534279749144330e+19 -1.87640443965361331e+21
4.64978141047096422e-02 2.73425701552453263e+19 -1.87852749463330200e+21
4.65568603661884184e-02 2.72315898127276933e+19 -1.88055456926840914e+21
4.66159066276671946e-02 2.71204926027298038e+19 -1.88248606852316791e+21
4.66749528891459708e-02 2.70092841564461916e+19 -1.88432240625806842e+21
4.67339991506247471e-02 2.68979700803730964e+19 -1.88606400515619868e+21
4.67930454121035372e-02 2.67865559637175460e+19 -1.88771089409689204e+21
4.68520916735823134e-02 2.66750474015647621e+19 -1.88926311399807359e+21
4.69111379350610896e-02 2.65634499704141169e+19 -1.89072111859410456e+21
4.69701841965398659e-02 2.64517692197225390e+19 -1.89208537011795447e+21
4.70292304580186421e-02 2.63400106714039992e+19 -1.89335633922249510e+21
4.70882767194974183e-02 2.62281798193365484e+19 -1.89453450490149680e+21
4.71473229809761946e-02 2.61162821288706089e+19 -1.89562035440978126e+21
4.72063692424549708e-02 2.60043230363435500e+19 -1.89661438318297586e+21
4.72654155039337470e-02 2.58923079573383414e+19 -1.89751665103441153e+21
4.73244617654125233e-02 2.57802423123220808e+19 -1.89832722902578417e+21
4.73835080268912995e-02 2.56681314997972378e+19 -1.89904664146470502e+21
4.74425542883700757e-02 2.55559808870775521e+19 -1.89967542047424486e+21
4.75016005498488658e-02 2.54437958098275615e+19 -1.90021410590813926e+21
4.75606468113276420e-02 2.53315815944375706e+19 -1.90066169357831504e+21
4.76196930728064183e-02 2.52193437343088230e+19 -1.90101495617830414e+21
4.76787393342851945e-02 2.51070877889299128e+19 -1.90127438509839195e+21
4.77377855957639707e-02 2.49948192883557212e+19 -1.90144017510674307e+21
4.77968318572427470e-02 2.48825437603756114e+19 -1.90151253131749622e+21
4.78558781187215232e-02 2.47702667013406925e+19 -1.90149215148186193e+21
4.79149243802002994e-02 2.46579935661961830e+19 -1.90137974031687169e+21
4.79739706416790757e-02 2.45457297680741212e+19 -1.90117600939057689e+21
4.80330169031578519e-02 2.44334806778911826e+19 -1.90088167700706283e+21
4.80920631646366281e-02 2.43212516239547187e+19 -1.90049746809160335e+21
4.81511094261154043e-02 2.42090478915754107e+19 -1.90002411407578628e+21
4.82101556875941806e-02 2.40968747329842831e+19 -1.89946182978555190e+21
4.82692019490729707e-02 2.39847373977616384e+19 -1.89881083929874819e+21
4.83282482105517469e-02 2.38726411014258442e+19 -1.89807189728697673e+21
4.83872944720305231e-02 2.37605910147583468e+19 -1.89724576439682151e+21
4.84463407335092994e-02 2.36485922634537861e+19 -1.89633320713308969e+21
4.85053869949880756e-02 2.35366499277762437e+19 -1.89533499774211509e+21
4.85644332564668518e-02 2.34247690422265324e+19 -1.89425191409556390e+21
4.86234795179456281e-02 2.33129545952110223e+19 -1.89308473957392187e+21
4.86825257794244043e-02 2.32012115397529272e+19 -1.89183370259880660e+21
4.87415720409031805e-02 2.30895448261905039e+19 -1.89049903973090932e+21
4.88006183023819567e-02 2.29779593686241444e+19 -1.88908155441027980e+21
4.88596645638607330e-02 2.28664600335684813e+19 -1.88758205503520716e+21
4.89187108253395092e-02 2.27550516396605194e+19 -1.88600135484474497e+21
4.89777570868182993e-02 2.26437389573788754e+19 -1.88434027180184227e+21
4.90368033482970755e-02 2.25325267087682601e+19 -1.88259962847659924e+21
4.90958496097758518e-02 2.24214195671701299e+19 -1.88078025192969653e+21
4.91548958712546280e-02 2.23104221686888653e+19 -1.87888237793307840e+21
4.92139421327334042e-02 2.21995391470372045e+19 -1.87690624928131423e+21
4.92729883942121805e-02 2.20887750979641876e+19 -1.87485270988228736e+21
4.93320346556909567e-02 2.19781345672735703e+19 -1.87272260757065145e+21
4.93910809171697329e-02 2.18676220505946644e+19 -1.87051679399111138e+21
4.94501271786485092e-02 2.17572419931599790e+19 -1.86823612448208008e+21
4.95091734401272854e-02 2.16469987895921295e+19 -1.86588145795986384e+21
4.95682197016060616e-02 2.15368967836943852e+19 -1.86345365680292810e+21
4.96272659630848378e-02 2.14269402806247670e+19 -1.86095295821078174e+21
4.96863122245636141e-02 2.13171335837445612e+19 -1.85837960529976623e+21
4.97453584860424042e-02 2.12074809571706429e+19 -1.85573447408849623e+21
4.98044047475211804e-02 2.10979866132098458e+19 -1.85301844348688269e+21
4.98634510089999566e-02 2.09886547121889321e+19 -1.85023239518088856e+21
4.99224972704787329e-02 2.08794893622956564e+19 -1.84737721351811944e+21
4.99815435319575091e-02 2.07704946194247516e+19 -1.84445378539364994e+21
5.00405897934362853e-02 2.06616744870302720e+19 -1.84146300013619420e+21
5.00996360549150616e-02 2.05530329289507635e+19 -1.83840509086972641e+21
5.01586823163938378e-02 2.04445739080899133e+19 -1.83528029555258845e+21
5.02177285778726140e-02 2.03363013472632095e+19 -1.83208951398599492e+21
5.02767748393513902e-02 2.02282191161007923e+19 -1.82883364783249005e+21
5.03358211008301665e-02 2.01203310309413396e+19 -1.82551360050355949e+21
5.03948673623089427e-02 2.00126408578521375e+19 -1.82212974387832449e+21
5.04539136237877328e-02 1.99051525549335060e+19 -1.81867450325866460e+21
5.05129598852665090e-02 1.97978704383207670e+19 -1.81514604900527348e+21
5.05720061467452853e-02 1.96907988098809692e+19 -1.81154486832636651e+21
5.06310524082240615e-02 1.95839419561401999e+19 -1.80787145083972721e+21
5.06900986697028377e-02 1.94773041076985037e+19 -1.80412697226245859e+21
5.07491449311816140e-02 1.93708894257518346e+19 -1.80031260768690949e+21
5.08081911926603902e-02 1.92647020021334262e+19 -1.79642953142651716e+21
5.08672374541391664e-02 1.91587458593642209e+19 -1.79247891686345199e+21
5.09262837156179426e-02 1.90530249507134915e+19 -1.78846193629813958e+21
5.09853299770967189e-02 1.89475431602647245e+19 -1.78437976080020013e+21
5.10443762385754951e-02 1.88423043169383875e+19 -1.78023285180969412e+21
5.11034225000542713e-02 1.87373122363286405e+19 -1.77602167181863158e+21
5.11624687615330476e-02 1.86325706788390134e+19 -1.77174739108845191e+21
5.12215150230118377e-02 1.85280833358297293e+19 -1.76741117793370610e+21
5.12805612844906139e-02 1.84238538297376420e+19 -1.76301419858150634e+21
5.13396075459693901e-02 1.83198857142033285e+19 -1.75855761703265527e+21
5.13986538074481664e-02 1.82161824742066360e+19 -1.75404259492454256e+21
5.14577000689269426e-02 1.81127475262098145e+19 -1.74947029139572549e+21
5.15167463304057188e-02 1.80095842326251459e+19 -1.74484113579883417e+21
5.15757925918844951e-02 1.79066959448417362e+19 -1.74015555729593755e+21
5.16348388533632713e-02 1.78040859603188716e+19 -1.73541471048788869e+21
5.16938851148420475e-02 1.77017575084334981e+19 -1.73061974680950355e+21
5.17529313763208237e-02 1.75997137506708275e+19 -1.72577181440281045e+21
5.18119776377996000e-02 1.74979577808237384e+19 -1.72087205799214685e+21
5.18710238992783762e-02 1.73964926251967058e+19 -1.71592161876065989e+21
5.19300701607571663e-02 1.72953212428194263e+19 -1.71092163422870202e+21
5.19891164222359425e-02 1.71944465402645033e+19 -1.70587249658777987e+21
5.20481626837147188e-02 1.70938714155931587e+19 -1.70077459671473612e+21
5.21072089451934950e-02 1.69935987146632520e+19 -1.69562906419919035e+21
5.21662552066722712e-02 1.68936312167602033e+19 -1.69043702435355689e+21
5.22253014681510475e-02 1.67939716348528333e+19 -1.68519959810028051e+21
5.22843477296298237e-02 1.66946226158562836e+19 -1.67991790186072454e+21
5.23433939911085999e-02 1.65955867409004442e+19 -1.67459304744557583e+21
5.24024402525873761e-02 1.64968665256060580e+19 -1.66922614194691244e+21
5.24614865140661524e-02 1.63984644351515218e+19 -1.66381753658545222e+21
5.25205327755449286e-02 1.63003829288395469e+19 -1.65836758026139232e+21
5.25795790370237048e-02 1.62026244159034655e+19 -1.65287736908538498e+21
5.26386252985024811e-02 1.61051912410108703e+19 -1.64734799389115312e+21
5.26976715599812712e-02 1.60080856845777940e+19 -1.64178054013656315e+21
5.27567178214600474e-02 1.59113099630890496e+19 -1.63617608780627575e+21
5.28157640829388236e-02 1.58148662294247014e+19 -1.63053571131590679e+21
5.28748103444175999e-02 1.57187565731907789e+19 -1.62486047941747540e+21
5.29338566058963761e-02 1.56229830359266099e+19 -1.61915069981148027e+21
5.29929028673751523e-02 1.55275476559756677e+19 -1.61340667698776978e+21
5.30519491288539286e-02 1.54324524240928031e+19 -1.60762946600832939e+21
5.31109953903327048e-02 1.53376992689173258e+19 -1.60182011577212495e+21
5.31700416518114810e-02 1.52432900573390746e+19 -1.59597966892983648e+21
5.32290879132902572e-02 1.51492265948694077e+19 -1.59010916179998409e+21
5.32881341747690335e-02 1.50555106260184330e+19 -1.58420962428654400e+21
5.33471804362478097e-02 1.49621438738960937e+19 -1.57827875807033740e+21
5.34062266977265998e-02 1.48691286004659036e+19 -1.57230332142877881e+21
5.34652729592053760e-02 1.47764675006210888e+19 -1.56628252301549135e+21
5.35243192206841523e-02 1.46841632098969088e+19 -1.56021781434002991e+21
5.35833654821629285e-02 1.45922182784529060e+19 -1.55411063567712256e+21
5.36424117436417047e-02 1.45006351717408256e+19 -1.54796241595075448e+21
5.37014580051204810e-02 1.44094162711773962e+19 -1.54177457262202585e+21
5.37605042665992572e-02 1.43185638748248023e+19 -1.53554851158097055e+21
5.38195505280780334e-02 1.42280801980765839e+19 -1.52928562704208888e+21
5.38785967895568096e-02 1.41379673890523505e+19 -1.52298655466822225e+21
5.39376430510355859e-02 1.40482275733195960e+19 -1.51665192092092360e+21
5.39966893125143621e-02 1.39588628103594066e+19 -1.51028308831440837e+21
5.40557355739931383e-02 1.38698750795598950e+19 -1.50388140718526012e+21
5.41147818354719146e-02 1.37812662809391247e+19 -1.49744821560883518e+21
5.41738280969507047e-02 1.36930382358703268e+19 -1.49098483931893177e+21
5.42328743584294809e-02 1.36051926878135480e+19 -1.48449259163110919e+21
5.42919206199082571e-02 1.35177313030510531e+19 -1.47797277336930956e+21
5.43509668813870334e-02 1.34306556858666025e+19 -1.47142593928517675e+21
5.44100131428658096e-02 1.33439674225327084e+19 -1.46485263415278043e+21
5.44690594043445858e-02 1.32576680386016338e+19 -1.45825412480575472e+21
5.45281056658233620e-02 1.31717589852034335e+19 -1.45163166521542312e+21
5.45871519273021383e-02 1.30862416398069105e+19 -1.44498649643665300e+21
5.46461981887809145e-02 1.30011173069840343e+19 -1.43831984655691416e+21
5.47052444502596907e-02 1.29163872191763907e+19 -1.43163293064824252e+21
5.47642907117384670e-02 1.28320525374656655e+19 -1.42492695072235743e+21
5.48233369732172432e-02 1.27481143664027341e+19 -1.41820238166887970e+21
5.48823832346960333e-02 1.26645737968750223e+19 -1.41145968782557892e+21
5.49414294961748095e-02 1.25814318645823283e+19 -1.40470003559297843e+21
5.50004757576535858e-02 1.24986895367457014e+19 -1.39792457806443053e+21
5.50595220191323620e-02 1.24163477128938926e+19 -1.39113445499890172e+21
5.51185682806111382e-02 1.23344072256514519e+19 -1.38433079279650996e+21
5.51776145420899145e-02 1.22528688415278694e+19 -1.37751470447664824e+21
5.52366608035686907e-02 1.21717332617089188e+19 -1.37068728965881109e+21
5.52957070650474669e-02 1.20910011363966607e+19 -1.36384894631521157e+21
5.53547533265262431e-02 1.20106731061755126e+19 -1.35700006146550871e+21
5.54137995880050194e-02 1.19307497620328837e+19 -1.35014169809502444e+21
5.54728458494837956e-02 1.18512316325900431e+19 -1.34327490565835299e+21
5.55318921109625718e-02 1.17721191849017405e+19 -1.33640072007642015e+21
5.55909383724413481e-02 1.16934128252548772e+19 -1.32952016373578203e+21
5.56499846339201382e-02 1.16151128999678464e+19 -1.32263424549025009e+21
5.57090308953989144e-02 1.15372196961895076e+19 -1.31574396066468200e+21
5.57680771568776906e-02 1.14597334556149023e+19 -1.30884963489993641e+21
5.58271234183564669e-02 1.13826544139684352e+19 -1.30195158262812901e+21
5.58861696798352431e-02 1.13059827629309993e+19 -1.29505076204379937e+21
5.59452159413140193e-02 1.12297186380053770e+19 -1.28814811778990604e+21
5.60042622027927955e-02 1.11538621193167770e+19 -1.28124458097651430e+21
5.60633084642715718e-02 1.10784132324105912e+19 -1.27434106920122738e+21
5.61223547257503480e-02 1.10033719490500055e+19 -1.26743848657167817e+21
5.61814009872291242e-02 1.09287381880117637e+19 -1.26053772372978775e+21
5.62404472487079005e-02 1.08545118280451604e+19 -1.25363903994598785e+21
5.62994935101866767e-02 1.07806927450977649e+19 -1.24674268314219420e+21
5.63585397716654668e-02 1.07072808322342502e+19 -1.23984529476718769e+21
5.64175860331442430e-02 1.06342765641762243e+19 -1.23293446482666743e+21
5.64766322946230193e-02 1.05616807495596421e+19 -1.22601047921538000e+21
5.65356785561017955e-02 1.04894941271326761e+19 -1.21907462330045222e+21
5.65947248175805717e-02 1.04177173603284808e+19 -1.21212816277668731e+21
5.66537710790593479e-02 1.03463510384253932e+19 -1.20517234370838004e+21
5.67128173405381242e-02 1.02753956889999053e+19 -1.19820781879449669e+21
5.67718636020169004e-02 1.02048518129166438e+19 -1.19123522293712211e+21
5.68309098634956766e-02 1.01347198515047485e+19 -1.18425574619128529e+21
5.68899561249744529e-02 1.00650001763993743e+19 -1.17727055917067246e+21
5.69490023864532291e-02 9.99569309068739994e+18 -1.17028081311268222e+21
5.70080486479320053e-02 9.92679883005004390e+18 -1.16328763994724342e+21
5.70670949094107816e-02 9.85831756390058394e+18 -1.15629215236906562e+21
5.71261411708895717e-02 9.79024939651770573e+18 -1.14929544391330942e+21
5.71851874323683479e-02 9.72259437849128141e+18 -1.14229806495675082e+21
5.72442336938471241e-02 9.65535253875719373e+18 -1.13530054819694353e+21
5.73032799553259004e-02 9.58852385469923533e+18 -1.12830393215591265e+21
5.73623262168046766e-02 9.52210824293593702e+18 -1.12130923653397728e+21
5.74213724782834528e-02 9.45610556043000627e+18 -1.11431746230499423e+21
5.74804187397622290e-02 9.39051560559077990e+18 -1.10732959181435804e+21
5.75394650012410053e-02 9.32533811937126400e+18 -1.10034658887985896e+21
5.75985112627197815e-02 9.26057278635915469e+18 -1.09336939889528957e+21
5.76575575241985577e-02 9.19621924509978726e+18 -1.08639847960921991e+21
5.77166037856773340e-02 9.13227711686569472e+18 -1.07943427136589319e+21
5.77756500471561102e-02 9.06874597897195213e+18 -1.07247766615779338e+21
5.78346963086349003e-02 9.00562535659543347e+18 -1.06552953801758632e+21
5.78937425701136765e-02 8.94291472383195341e+18 -1.05859074313746697e+21
5.79527888315924528e-02 8.88061350474634752e+18 -1.05166211999078967e+21
5.80118350930712290e-02 8.81872107441442611e+18 -1.04474448945570408e+21
5.80708813545500052e-02 8.75723675995877786e+18 -1.03783865494105424e+21
5.81299276160287814e-02 8.69615984964960358e+18 -1.03094499234686802e+21
5.81889738775075577e-02 8.63548961813851341e+18 -1.02406386055781640e+21
5.82480201389863339e-02 8.57522530324025037e+18 -1.01719601167698834e+21
5.83070664004651101e-02 8.51536609886055731e+18 -1.01034218090720998e+21
5.83661126619438864e-02 8.45591115598952243e+18 -1.00350308668905698e+21
5.84251589234226626e-02 8.39685958368760115e+18 -9.96679430840573100e+20
5.84842051849014388e-02 8.33821045006277837e+18 -9.89871898698484417e+20
5.85432514463802289e-02 8.27996278323941786e+18 -9.83081159260902654e+20
5.86022977078590052e-02 8.22211557915536998e+18 -9.76307517963592401e+20
5.86613439693377814e-02 8.16466782303728026e+18 -9.69551263693592461e+20
5.87203902308165576e-02 8.10761846985984717e+18 -9.62813016604035121e+20
5.87794364922953338e-02 8.05096643844386816e+18 -9.56093381162793566e+20
5.88384827537741101e-02 7.99471061237770650e+18 -9.49392946304088277e+20
5.88975290152528863e-02 7.93884984093043712e+18 -9.42712285581225886e+20
5.89565752767316625e-02 7.88338293995515187e+18 -9.36051957320242299e+20
5.90156215382104388e-02 7.82830869278366618e+18 -9.29412504774547210e+20
5.90746677996892150e-02 7.77362585665726054e+18 -9.22794174455259857e+20
5.91337140611679912e-02 7.71933318027641139e+18 -9.16197196839856636e+20
5.91927603226467675e-02 7.66542938809607578e+18 -9.09622069058225046e+20
5.92518065841255437e-02 7.61191317564187546e+18 -9.03069273885655564e+20
5.93108528456043338e-02 7.55878321035324211e+18 -8.96539279903250973e+20
5.93698991070831100e-02 7.50603813241696563e+18 -8.90032541658886832e+20
5.94289453685618863e-02 7.45367656612681318e+18 -8.83548496151045734e+20
5.94879916300406625e-02 7.40169731736157491e+18 -8.77082342400216269e+20
5.95470378915194387e-02 7.35009935530591949e+18 -8.70633674198336537e+20
5.96060841529982149e-02 7.29888163907718861e+18 -8.64202845366292709e+20
5.96651304144769912e-02 7.24804309897033421e+18 -8.57790407312568484e+20
5.97241766759557674e-02 7.19758263318588211e+18 -8.51396895746472411e+20
5.97832229374345436e-02 7.14749910875213107e+18 -8.45022830857705882e+20
5.98422691989133199e-02 7.09779136243556454e+18 -8.38668717496236507e+20
5.99013154603920961e-02 7.04845820164171366e+18 -8.32335045352704049e+20
5.99603617218708723e-02 6.99949840530498867e+18 -8.26022289139111428e+20
6.00194079833496624e-02 6.95091072764967014e+18 -8.19730762135360635e+20
6.00784542448284387e-02 6.90269390779438592e+18 -8.13460760022088155e+20
6.01375005063072149e-02 6.85484666211350528e+18 -8.07212709287786971e+20
6.01965467677859911e-02 6.80736768221675725e+18 -8.00987022301256745e+20
6.02555930292647673e-02 6.76025563577748173e+18 -7.94784097493745795e+20
6.03146392907435436e-02 6.71350916734990438e+18 -7.88604319541016789e+20
6.03736855522223198e-02 6.66712689917639168e+18 -7.82448059545395921e+20
6.04327318137010960e-02 6.62110743198327091e+18 -7.76315675217576722e+20
6.04917780751798723e-02 6.57544934732144128e+18 -7.70207431806699962e+20
6.05508243366586485e-02 6.53015121312066048e+18 -7.64123577658672939e+20
6.06098705981374247e-02 6.48521157998548070e+18 -7.58064425701517820e+20
6.06689168596162010e-02 6.44062898041360282e+18 -7.52030276350353605e+20
6.07279631210949772e-02 6.39640192952928563e+18 -7.46021417687702045e+20
6.07870093825737673e-02 6.35252892580622541e+18 -7.40038125643302699e+20
6.08460556440525435e-02 6.30900845177995162e+18 -7.34080664173373686e+20
6.09051019055313198e-02 6.26583897474936730e+18 -7.28149285439224807e+20
6.09641481670100960e-02 6.22301894772976230e+18 -7.22244216389795185e+20
6.10231944284888722e-02 6.18054681105948774e+18 -7.16365667780444422e+20
6.10822406899676484e-02 6.13842099252683674e+18 -7.10513850451943358e+20
6.11412869514464247e-02 6.09663990779395686e+18 -7.04688964330772890e+20
6.12003332129252009e-02 6.05520196103582208e+18 -6.98891198603536237e+20
6.12593794744039771e-02 6.01410554556960461e+18 -6.93120731890545590e+20
6.13184257358827534e-02 5.97334904447331840e+18 -6.87377732418361098e+20
6.13774719973615296e-02 5.93293083119439258e+18 -6.81662358191368307e+20
6.14365182588403058e-02 5.89284926917385011e+18 -6.75974806318721794e+20
6.14955645203190959e-02 5.85310270967721677e+18 -6.70315258436883972e+20
6.15546107817978722e-02 5.81368949558093517e+18 -6.64683834660393320e+20
6.16136570432766484e-02 5.77460796294602445e+18 -6.59080645747866206e+20
6.16727033047554246e-02 5.73585644156598067e+18 -6.53505793267101991e+20
6.17317495662342008e-02 5.69743325550440858e+18 -6.47959369758838882e+20
6.17907958277129771e-02 5.65933672362305024e+18 -6.42441458899218203e+20
6.18498420891917533e-02 5.62156516010077184e+18 -6.36952135660959302e+20
6.19088883506705295e-02 5.58411687281204838e+18 -6.31491574320299770e+20
6.19679346121493058e-02 5.54699015762339328e+18 -6.26059934415714779e+20
6.20269808736280820e-02 5.51018330559890842e+18 -6.20657256389930385e+20
6.20860271351068582e-02 5.47369460564791398e+18 -6.15283572819885949e+20
6.21450733965856345e-02 5.43752234498454323e+18 -6.09938908569375212e+20
6.22041196580644107e-02 5.40166480957879398e+18 -6.04623280940176900e+20
6.22631659195432008e-02 5.36612028459872051e+18 -5.99336699821600276e+20
6.23222121810219770e-02 5.33088705484353741e+18 -5.94079167838380491e+20
6.23812584425007532e-02 5.29596340198035661e+18 -5.88850842031855370e+20
6.24403047039795295e-02 5.26134759560385741e+18 -5.83651865457016242e+20
6.24993509654583057e-02 5.22703790356516147e+18 -5.78482209464046191e+20
6.25583972269370819e-02 5.19303259507841843e+18 -5.73341968782603846e+20
6.26174434884158582e-02 5.15932983688572109e+18 -5.68235208903652344e+20
6.26764897498946344e-02 5.12592757150241997e+18 -5.63163715709064839e+20
6.27355360113734106e-02 5.09282372310298317e+18 -5.58127267337737929e+20
6.27945822728521869e-02 5.06001622901933773e+18 -5.53125639995255816e+20
6.28536285343309631e-02 5.02750303573019238e+18 -5.48158817024784925e+20
6.29126747958097393e-02 4.99528208682309222e+18 -5.43226772447567872e+20
6.29717210572885294e-02 4.96335133585069670e+18 -5.38329265984483426e+20
6.30307673187673057e-02 4.93170875059499008e+18 -5.33466055948241994e+20
6.30898135802460819e-02 4.90035231314873344e+18 -5.28636899310992949e+20
6.31488598417248581e-02 4.86928001999252070e+18 -5.23841551770464551e+20
6.32079061032036343e-02 4.83848988206802432e+18 -5.19079767814696731e+20
6.32669523646824106e-02 4.80797992484771430e+18 -5.14351300785388061e+20
6.33259986261611868e-02 4.77774818345663795e+18 -5.09656153629068427e+20
6.33850448876399630e-02 4.74779268813816013e+18 -5.04994320324739072e+20
6.34440911491187393e-02 4.71811147954986803e+18 -5.00365539406099710e+20
6.35031374105975155e-02 4.68870261380771840e+18 -4.95769548738573369e+20
6.35621836720762917e-02 4.65956416252428493e+18 -4.91206085573287870e+20
6.36212299335550679e-02 4.63069421284329984e+18 -4.86674886599606075e+20
6.36802761950338442e-02 4.60209086747126374e+18 -4.82175687996293186e+20
6.37393224565126343e-02 4.57375224470630349e+18 -4.77708225481322332e+20
6.37983687179914105e-02 4.54567647290650675e+18 -4.73272516195049210e+20
6.38574149794701867e-02 4.51786167408198656e+18 -4.68868568801065763e+20
6.39164612409489630e-02 4.49030598100004915e+18 -4.64496105935073313e+20
6.39755075024277392e-02 4.46300754280668314e+18 -4.60154850198644261e+20
6.40345537639065154e-02 4.43596452502715853e+18 -4.55844524199835271e+20
6.40936000253852917e-02 4.40917510956457165e+18 -4.51564850592503497e+20
6.41526462868640679e-02 4.38263749469588890e+18 -4.47315552114252644e+20
6.42116925483428441e-02 4.35634989506613709e+18 -4.43096351623092830e+20
6.42707388098216204e-02 4.33031053542149683e+18 -4.38907289585041211e+20
6.43297850713003966e-02 4.30451763207246848e+18 -4.34748398250839048e+20
6.43888313327791728e-02 4.27896941208617523e+18 -4.30619388626544493e+20
6.44478775942579629e-02 4.25366411957918054e+18 -4.26519972220486222e+20
6.45069238557367391e-02 4.22860001568665395e+18 -4.22449861071058174e+20
6.45659701172155154e-02 4.20377537853068493e+18 -4.18408767773326311e+20
6.46250163786942916e-02 4.17918850318652416e+18 -4.14396405504309395e+20
6.46840626401730678e-02 4.15483770164729088e+18 -4.10412488046988362e+20
6.47431089016518441e-02 4.13072129682832998e+18 -4.06457032130616820e+20
6.48021551631306203e-02 4.10683760487332864e+18 -4.02530047607638196e+20
6.48612014246093965e-02 4.08318495337815194e+18 -3.98631239089540170e+20
6.49202476860881728e-02 4.05976168735342131e+18 -3.94760312101956026e+20
6.49792939475669490e-02 4.03656616917000858e+18 -3.90916973100620972e+20
6.50383402090457252e-02 4.01359677850348134e+18 -3.87100929486122910e+20
6.50973864705245014e-02 3.99085191227831552e+18 -3.83311889617526653e+20
6.51564327320032777e-02 3.96832998461046938e+18 -3.79549562824723530e+20
6.52154789934820678e-02 3.94602941816854835e+18 -3.75814094797695353e+20
6.52745252549608440e-02 3.92394861866776218e+18 -3.72105622174956585e+20
6.53335715164396202e-02 3.90208600106867507e+18 -3.68423842423265886e+20
6.53926177779183965e-02 3.88043999815644518e+18 -3.64768454319024046e+20
6.54516640393971727e-02 3.85900906046377062e+18 -3.61139157952778928e+20
6.55107103008759489e-02 3.83779165619296512e+18 -3.57535654732583535e+20
6.55697565623547252e-02 3.81678627113798963e+18 -3.53957647386293961e+20
6.56288028238335014e-02 3.79599140860679629e+18 -3.50404839962837582e+20
6.56878490853122776e-02 3.77540558934295706e+18 -3.46876937832355004e+20
6.57468953467910538e-02 3.75502735144803123e+18 -3.43373647685355962e+20
6.58059416082698301e-02 3.73485525030333082e+18 -3.39894677530753368e+20
6.58649878697486063e-02 3.71488785849234381e+18 -3.36439736692910260e+20
6.59240341312273964e-02 3.69512376572315750e+18 -3.33008535807626117e+20
6.59830803927061726e-02 3.67556157875101440e+18 -3.29600786817079771e+20
6.60421266541849489e-02 3.65619992130169600e+18 -3.26216202963800031e+20
6.61011729156637251e-02 3.63703743399451648e+18 -3.22854498783540281e+20
