# n_electron( psi ) in m^-3 ON THE CURVE R = 2.54914065489639519e-01, which
# is what meq's gauge phi_0( R_ref, psi ) = 0 makes N_s of (96) mean.
# NOT geq's N_s: see the module docstring for why no single rescaling
# relates the two.
#
#    psi            f( psi )        f'( psi )
5.63780116139572449e-03 1.06378984168020460e+19 4.28414214814480138e+20
5.69684742287450158e-03 1.06633337560518144e+19 4.33125671808187236e+20
5.75589368435327955e-03 1.06890473851097211e+19 4.37840429571275882e+20
5.81493994583205664e-03 1.07150395082465690e+19 4.42558805529009914e+20
5.87398620731083374e-03 1.07413103484686193e+19 4.47281116882003493e+20
5.93303246878961084e-03 1.07678601475066900e+19 4.52007680639952355e+20
5.99207873026838880e-03 1.07946891658041405e+19 4.56738813653671608e+20
6.05112499174716590e-03 1.08217976825100431e+19 4.61474832645698879e+20
6.11017125322594300e-03 1.08491859954708767e+19 4.66216054239202312e+20
6.16921751470472096e-03 1.08768544212268810e+19 4.70962794985461318e+20
6.22826377618349806e-03 1.09048032950078198e+19 4.75715371389699555e+20
6.28731003766227516e-03 1.09330329707309507e+19 4.80474099935418122e+20
6.34635629914105225e-03 1.09615438210009702e+19 4.85239297107203850e+20
6.40540256061983022e-03 1.09903362371100631e+19 4.90011279411973259e+20
6.46444882209860731e-03 1.10194106290403082e+19 4.94790363398733693e+20
6.52349508357738441e-03 1.10487674254663229e+19 4.99576865676805210e+20
6.58254134505616151e-03 1.10784070737597522e+19 5.04371102932568703e+20
6.64158760653493947e-03 1.11083300032402473e+19 5.09171523179149197e+20
6.70063386801371657e-03 1.11385365142557614e+19 5.13976551941934416e+20
6.75968012949249367e-03 1.11690268872671293e+19 5.18786471782244745e+20
6.81872639097127163e-03 1.11998014194012017e+19 5.23601564657669046e+20
6.87777265245004873e-03 1.12308604244163871e+19 5.28422111933642637e+20
6.93681891392882582e-03 1.12622042326667551e+19 5.33248394393317605e+20
6.99586517540760379e-03 1.12938331910691676e+19 5.38080692245919039e+20
7.05491143688638089e-03 1.13257476630686515e+19 5.42919285133422625e+20
7.11395769836515798e-03 1.13579480028443464e+19 5.47763142209395950e+20
7.17300395984393508e-03 1.13904344774890639e+19 5.52611214949413618e+20
7.23205022132271218e-03 1.14232073433639219e+19 5.57463755245716177e+20
7.29109648280149014e-03 1.14562669768237322e+19 5.62328122592752828e+20
7.35014274428026724e-03 1.14896146816747274e+19 5.67221968390257246e+20
7.40918900575904434e-03 1.15232522561322230e+19 5.72146602978295218e+20
7.46823526723782230e-03 1.15571815342497178e+19 5.77102572201142518e+20
7.52728152871659940e-03 1.15914043824586015e+19 5.82090426925364478e+20
7.58632779019537649e-03 1.16259226727883080e+19 5.87109346108922331e+20
7.64537405167415446e-03 1.16607382013645906e+19 5.92158494553098682e+20
7.70442031315293156e-03 1.16958527689383854e+19 5.97238409069902037e+20
7.76346657463170865e-03 1.17312682080913695e+19 6.02349631017009414e+20
7.82251283611048662e-03 1.17669863835051397e+19 6.07492706319034089e+20
7.88155909758926285e-03 1.18030091922315817e+19 6.12668185488619864e+20
7.94060535906804081e-03 1.18393385639640146e+19 6.17876623647403016e+20
7.99965162054681878e-03 1.18759764613104333e+19 6.23118580546906882e+20
8.05869788202559501e-03 1.19129248557299630e+19 6.28393382926220263e+20
8.11774414350437297e-03 1.19501856542468116e+19 6.33700343456570802e+20
8.17679040498315093e-03 1.19877607717558374e+19 6.39040007363815539e+20
8.23583666646192716e-03 1.20256521554677576e+19 6.44412924006515474e+20
8.29488292794070513e-03 1.20638617851528561e+19 6.49819646889485926e+20
8.35392918941948309e-03 1.21023916733868913e+19 6.55260733677287244e+20
8.41297545089825932e-03 1.21412438657965916e+19 6.60736746207554175e+20
8.47202171237703729e-03 1.21804204281429197e+19 6.66246850369669169e+20
8.53106797385581525e-03 1.22199230997469348e+19 6.71781245020896494e+20
8.59011423533459148e-03 1.22597532010848625e+19 6.77337529727817744e+20
8.64916049681336944e-03 1.22999120357398815e+19 6.82916079022777565e+20
8.70820675829214567e-03 1.23404009294106358e+19 6.88517267463625507e+20
8.76725301977092364e-03 1.23812212299120517e+19 6.94141469601451082e+20
8.82629928124969987e-03 1.24223743071740928e+19 6.99789059947277320e+20
8.88534554272847783e-03 1.24638615532379668e+19 7.05460412937667346e+20
8.94439180420725580e-03 1.25056843822507274e+19 7.11155902899358925e+20
9.00343806568603203e-03 1.25478442114297754e+19 7.16874936119615029e+20
9.06248432716480999e-03 1.25903424034440151e+19 7.22616900923884962e+20
9.12153058864358796e-03 1.26331803225574851e+19 7.28382144015530328e+20
9.18057685012236419e-03 1.26763593534819656e+19 7.34171011294807196e+20
9.23962311160114215e-03 1.27198809013288182e+19 7.39983847815191462e+20
9.29866937307992011e-03 1.27637463915574047e+19 7.45820997738684613e+20
9.35771563455869634e-03 1.28079572699210629e+19 7.51682804290184675e+20
9.41676189603747431e-03 1.28525150024104653e+19 7.57569609710923547e+20
9.47580815751625227e-03 1.28974210595099095e+19 7.63480957292690932e+20
9.53485441899502850e-03 1.29426768685899039e+19 7.69416372525603095e+20
9.59390068047380647e-03 1.29882838600201626e+19 7.75376168950106292e+20
9.65294694195258443e-03 1.30342434826342236e+19 7.81360658421267038e+20
9.71199320343136066e-03 1.30805572036284580e+19 7.87370151054867300e+20
9.77103946491013862e-03 1.31272264977024143e+19 7.93404155562385998e+20
9.83008572638891659e-03 1.31742527395708948e+19 7.99460503653386682e+20
9.88913198786769282e-03 1.32216372468589466e+19 8.05539271781155078e+20
9.94817824934647078e-03 1.32693813385811436e+19 8.11640092618991206e+20
1.00072245108252487e-02 1.33174862995810693e+19 8.17762580305267261e+20
1.00662707723040250e-02 1.33659534155158323e+19 8.23906947970720334e+20
1.01253170337828012e-02 1.34147839845155553e+19 8.30073404947269419e+20
1.01843632952615809e-02 1.34639793169562153e+19 8.36262156695054844e+20
1.02434095567403571e-02 1.35135407352299971e+19 8.42473404728768725e+20
1.03024558182191334e-02 1.35634695735089582e+19 8.48707346543052718e+20
1.03615020796979113e-02 1.36137671775060849e+19 8.54964175537212097e+20
1.04205483411766893e-02 1.36644348961734943e+19 8.61243670703371190e+20
1.04795946026554655e-02 1.37154740568783462e+19 8.67545593092153410e+20
1.05386408641342435e-02 1.37668859886055117e+19 8.73870102509332595e+20
1.05976871256130215e-02 1.38186720296344945e+19 8.80217353944987337e+20
1.06567333870917977e-02 1.38708335272517816e+19 8.86587497493526217e+20
1.07157796485705756e-02 1.39233718374601605e+19 8.92980678273164640e+20
1.07748259100493536e-02 1.39762883246822523e+19 8.99397036344727831e+20
1.08338721715281298e-02 1.40295843614590976e+19 9.05836706629826118e+20
1.08929184330069078e-02 1.40832613241910702e+19 9.12299617200900014e+20
1.09519646944856858e-02 1.41373205806154609e+19 9.18785678983677084e+20
1.10110109559644620e-02 1.41917635007347835e+19 9.25294992955540242e+20
1.10700572174432400e-02 1.42465914603418214e+19 9.31827654265870090e+20
1.11291034789220179e-02 1.43018058377413243e+19 9.38383358613350384e+20
1.11881497404007942e-02 1.43574078860331561e+19 9.44958126228013449e+20
1.12471960018795721e-02 1.44133986811614679e+19 9.51550889881719013e+20
1.13062422633583501e-02 1.44697792851130962e+19 9.58161627548850455e+20
1.13652885248371263e-02 1.45265507585768202e+19 9.64790320617754329e+20
1.14243347863159043e-02 1.45837141608881582e+19 9.71436932662103376e+20
1.14833810477946822e-02 1.46412705483384586e+19 9.78101402763303191e+20
1.15424273092734585e-02 1.46992209733727437e+19 9.84783661547182490e+20
1.16014735707522347e-02 1.47575664840882319e+19 9.91483631087353070e+20
1.16605198322310144e-02 1.48163081237254656e+19 9.98201224808183497e+20
1.17195660937097906e-02 1.48754469301555241e+19 1.00493634738760122e+21
1.17786123551885669e-02 1.49349839353604014e+19 1.01168889465958262e+21
1.18376586166673466e-02 1.49949201693360538e+19 1.01845897801526149e+21
1.18967048781461228e-02 1.50552566726173348e+19 1.02524669202819383e+21
1.19557511396248990e-02 1.51159944820489216e+19 1.03205189357105303e+21
1.20147974011036770e-02 1.51771346257461166e+19 1.03887443004870269e+21
1.20738436625824549e-02 1.52386781225319096e+19 1.04571413930203139e+21
1.21328899240612312e-02 1.53006259813693972e+19 1.05257084951175850e+21
1.21919361855400091e-02 1.53629792007892357e+19 1.05944437910221449e+21
1.22509824470187871e-02 1.54257387683101553e+19 1.06633453664499702e+21
1.23100287084975633e-02 1.54889056684084122e+19 1.07324155502336029e+21
1.23690749699763413e-02 1.55524809074227610e+19 1.08016565138222416e+21
1.24281212314551193e-02 1.56164654869979832e+19 1.08710659549018784e+21
1.24871674929338955e-02 1.56808603948775649e+19 1.09406414671069931e+21
1.25462137544126735e-02 1.57456666042871357e+19 1.10103805390923013e+21
1.26052600158914514e-02 1.58108850670008218e+19 1.10802749334175298e+21
1.26643062773702277e-02 1.58765166122697339e+19 1.11502960040350017e+21
1.27233525388490056e-02 1.59425619621023150e+19 1.12204371888325486e+21
1.27823988003277836e-02 1.60090218279304847e+19 1.12907013366422648e+21
1.28414450618065598e-02 1.60758969501097226e+19 1.13610911414053070e+21
1.29004913232853378e-02 1.61431880593901650e+19 1.14316027868412890e+21
1.29595375847641157e-02 1.62108958636304036e+19 1.15022323353738727e+21
1.30185838462428920e-02 1.62790210470785905e+19 1.15729757272312801e+21
1.30776301077216682e-02 1.63475642696486175e+19 1.16438287795507587e+21
1.31366763692004479e-02 1.64165261661909053e+19 1.17147871854869650e+21
1.31957226306792241e-02 1.64859073457568236e+19 1.17858465133237738e+21
1.32547688921580004e-02 1.65557084072039076e+19 1.18570105087552048e+21
1.33138151536367801e-02 1.66259299874336809e+19 1.19282827738010459e+21
1.33728614151155563e-02 1.66965727115192504e+19 1.19996584709687476e+21
1.34319076765943325e-02 1.67676371755901440e+19 1.20711326340026230e+21
1.34909539380731105e-02 1.68391239460700385e+19 1.21427001670721261e+21
1.35500001995518884e-02 1.69110335589088399e+19 1.22143558439643801e+21
1.36090464610306647e-02 1.69833665188111462e+19 1.22860943072834696e+21
1.36680927225094426e-02 1.70561232984584622e+19 1.23579100676545787e+21
1.37271389839882206e-02 1.71293043576301056e+19 1.24298076146489596e+21
1.37861852454669968e-02 1.72029102021251011e+19 1.25017913053569090e+21
1.38452315069457748e-02 1.72769413232721285e+19 1.25738552514999117e+21
1.39042777684245528e-02 1.73513981772339528e+19 1.26459934299328374e+21
1.39633240299033290e-02 1.74262811842087404e+19 1.27181996819400675e+21
1.40223702913821070e-02 1.75015907276279460e+19 1.27904677125388737e+21
1.40814165528608849e-02 1.75773271533496095e+19 1.28627910897897256e+21
1.41404628143396612e-02 1.76534907686077850e+19 1.29351627934457371e+21
1.41995090758184391e-02 1.77300818405960438e+19 1.30075792402289734e+21
1.42585553372972171e-02 1.78071006446778040e+19 1.30800419503268640e+21
1.43176015987759933e-02 1.78845474330942198e+19 1.31525438120817040e+21
1.43766478602547713e-02 1.79624224156787835e+19 1.32250775728179066e+21
1.44356941217335475e-02 1.80407257590224753e+19 1.32976358382679359e+21
1.44947403832123255e-02 1.81194575856364278e+19 1.33702110720076179e+21
1.45537866446911034e-02 1.81986179731116012e+19 1.34427955949011285e+21
1.46128329061698797e-02 1.82782069532732948e+19 1.35153815845544736e+21
1.46718791676486576e-02 1.83582245374785044e+19 1.35879743599946183e+21
1.47309254291274356e-02 1.84386707942920294e+19 1.36605791280399988e+21
1.47899716906062118e-02 1.85195457703695688e+19 1.37331876824933676e+21
1.48490179520849898e-02 1.86008494634866688e+19 1.38057916731732577e+21
1.49080642135637677e-02 1.86825818216884961e+19 1.38783826054858015e+21
1.49671104750425440e-02 1.87647427424356270e+19 1.39509518400054624e+21
1.50261567365213219e-02 1.88473320717467689e+19 1.40234905920665944e+21
1.50852029980000982e-02 1.89303496033414267e+19 1.40959899313679683e+21
1.51442492594788761e-02 1.90137951065554780e+19 1.41684554056887802e+21
1.52032955209576541e-02 1.90976684119436861e+19 1.42408924611277278e+21
1.52623417824364303e-02 1.91819693243146076e+19 1.43132917966319649e+21
1.53213880439152083e-02 1.92666975931293942e+19 1.43856439658971424e+21
1.53804343053939863e-02 1.93518529116425585e+19 1.44579393770966037e+21
1.54394805668727625e-02 1.94374349160424448e+19 1.45301682926235471e+21
1.54985268283515405e-02 1.95234431845891645e+19 1.46023208288449751e+21
1.55575730898303184e-02 1.96098772367522161e+19 1.46743869558701162e+21
1.56166193513090946e-02 1.96967365634118820e+19 1.47463722847960564e+21
1.56756656127878743e-02 1.97840207193563587e+19 1.48182823353605423e+21
1.57347118742666506e-02 1.98717292295055852e+19 1.48901067223060893e+21
1.57937581357454268e-02 1.99598615590347899e+19 1.49618370110159611e+21
1.58528043972242030e-02 2.00484171600497582e+19 1.50334759711077512e+21
1.59118506587029793e-02 2.01373954740297032e+19 1.51050155315854154e+21
1.59708969201817590e-02 2.02267958830383923e+19 1.51764451625616828e+21
1.60299431816605387e-02 2.03166177065527296e+19 1.52477541947583024e+21
1.60889894431393149e-02 2.04068602336434422e+19 1.53189485917456040e+21
1.61480357046180911e-02 2.04975228213503263e+19 1.53900342416043803e+21
1.62070819660968674e-02 2.05886047951845499e+19 1.54610001545731873e+21
1.62661282275756436e-02 2.06801054153626952e+19 1.55318352040344578e+21
1.63251744890544233e-02 2.07720238759985889e+19 1.56025281265735592e+21
1.63842207505332030e-02 2.08643593042966118e+19 1.56730675220521786e+21
1.64432670120119792e-02 2.09571107597437993e+19 1.57434418536948774e+21
1.65023132734907554e-02 2.10502772333038633e+19 1.58136394481916497e+21
1.65613595349695317e-02 2.11438576812011315e+19 1.58836660745759280e+21
1.66204057964483079e-02 2.12378511280938148e+19 1.59535274364662632e+21
1.66794520579270876e-02 2.13322565628726026e+19 1.60232115602351692e+21
1.67384983194058638e-02 2.14270729033355551e+19 1.60927063392821182e+21
1.67975445808846435e-02 2.15222989954038497e+19 1.61619995342689272e+21
1.68565908423634198e-02 2.16179336123385242e+19 1.62310787733704304e+21
1.69156371038421960e-02 2.17139754539591639e+19 1.62999315525415521e+21
1.69746833653209722e-02 2.18104231458640814e+19 1.63685452358022830e+21
1.70337296267997519e-02 2.19072752744831222e+19 1.64369252652514122e+21
1.70927758882785281e-02 2.20045304940192891e+19 1.65050770277698817e+21
1.71518221497573078e-02 2.21021874185800049e+19 1.65729876100072656e+21
1.72108684112360841e-02 2.22002445856486359e+19 1.66406439712442076e+21
1.72699146727148603e-02 2.22987004553320817e+19 1.67080329438121873e+21
1.73289609341936365e-02 2.23975534096136888e+19 1.67751412335334261e+21
1.73880071956724128e-02 2.24968017516077179e+19 1.68419554201786411e+21
1.74470534571511925e-02 2.25964437048155300e+19 1.69084619579441440e+21
1.75060997186299722e-02 2.26964774496705659e+19 1.69746670550424696e+21
1.75651459801087484e-02 2.27969013145402286e+19 1.70406068188203975e+21
1.76241922415875246e-02 2.28977137537939087e+19 1.71062818342365718e+21
1.76832385030663009e-02 2.29989131659772600e+19 1.71716791388985544e+21
1.77422847645450771e-02 2.31004978727723827e+19 1.72367856604968989e+21
1.78013310260238568e-02 2.32024661183511716e+19 1.73015882173499861e+21
1.78603772875026365e-02 2.33048160687308800e+19 1.73660735189636560e+21
1.79194235489814127e-02 2.34075458111342633e+19 1.74302281666088796e+21
1.79784698104601889e-02 2.35106533906716385e+19 1.74940576209288403e+21
1.80375160719389652e-02 2.36141369219138765e+19 1.75575673179718235e+21
1.80965623334177414e-02 2.37179944767320760e+19 1.76207436642429724e+21
1.81556085948965211e-02 2.38222240464305930e+19 1.76835729640563802e+21
1.82146548563752973e-02 2.39268235411461612e+19 1.77460414202295747e+21
1.82737011178540770e-02 2.40317907892498104e+19 1.78081351347934698e+21
1.83327473793328533e-02 2.41371235367555850e+19 1.78698401097226230e+21
1.83917936408116295e-02 2.42428194467296829e+19 1.79311422476818081e+21
1.84508399022904057e-02 2.43488761363072041e+19 1.79920464611488904e+21
1.85098861637691854e-02 2.44552912891556946e+19 1.80525576488573416e+21
1.85689324252479616e-02 2.45620625425452401e+19 1.81126615489495381e+21
1.86279786867267413e-02 2.46691874492614042e+19 1.81723438070695749e+21
1.86870249482055176e-02 2.47766634770620416e+19 1.82315899772289076e+21
1.87460712096842938e-02 2.48844880081379041e+19 1.82903855226901994e+21
1.88051174711630700e-02 2.49926583385801646e+19 1.83487158168731622e+21
1.88641637326418497e-02 2.51011716778534052e+19 1.84065661442819962e+21
1.89232099941206260e-02 2.52100251858603008e+19 1.84639408048427395e+21
1.89822562555994057e-02 2.53192160854441902e+19 1.85208440962882103e+21
1.90413025170781819e-02 2.54287415495551795e+19 1.85772611720622008e+21
1.91003487785569581e-02 2.55385986632391188e+19 1.86331771042306877e+21
1.91593950400357343e-02 2.56487844231610245e+19 1.86885768845265732e+21
1.92184413015145106e-02 2.57592957371323597e+19 1.87434454254146211e+21
1.92774875629932903e-02 2.58701294236473057e+19 1.87977675611812895e+21
1.93365338244720700e-02 2.59812822201792635e+19 1.88515367309279651e+21
1.93955800859508462e-02 2.60927510021380506e+19 1.89048065756984508e+21
1.94546263474296224e-02 2.62045328928773571e+19 1.89575898050641291e+21
1.95136726089083987e-02 2.63166249776364052e+19 1.90098723593218766e+21
1.95727188703871749e-02 2.64290242584591852e+19 1.90616401188729756e+21
1.96317651318659546e-02 2.65417276538450575e+19 1.91128789052608243e+21
1.96908113933447308e-02 2.66547319984037970e+19 1.91635744822239953e+21
1.97498576548235105e-02 2.67680340425168118e+19 1.92137125567668997e+21
1.98089039163022868e-02 2.68816304520061338e+19 1.92632787802501310e+21
1.98679501777810630e-02 2.69955178445931561e+19 1.93122774438897097e+21
1.99269964392598392e-02 2.71096929001814671e+19 1.93607128703255472e+21
1.99860427007386189e-02 2.72241522506383606e+19 1.94085706805449064e+21
2.00450889622173951e-02 2.73388924427871560e+19 1.94558364478758034e+21
2.01041352236961748e-02 2.74539099381290803e+19 1.95024956991610290e+21
2.01631814851749511e-02 2.75692011125726904e+19 1.95485339159509860e+21
2.02222277466537273e-02 2.76847622561698857e+19 1.95939365357158295e+21
2.02812740081325035e-02 2.78005895728588677e+19 1.96386889530775988e+21
2.03403202696112832e-02 2.79166792162450924e+19 1.96827948322750543e+21
2.03993665310900595e-02 2.80330273976978309e+19 1.97262578816661848e+21
2.04584127925688392e-02 2.81496302784692306e+19 1.97690635040546252e+21
2.05174590540476154e-02 2.82664839335185900e+19 1.98111970678001920e+21
2.05765053155263916e-02 2.83835843513112740e+19 1.98526439081323004e+21
2.06355515770051678e-02 2.85009274336283894e+19 1.98933893284852374e+21
2.06945978384839441e-02 2.86185089953840251e+19 1.99334186018544104e+21
2.07536440999627238e-02 2.87363247644470067e+19 1.99727169721719954e+21
2.08126903614415035e-02 2.88543704165438300e+19 2.00112874787445486e+21
2.08717366229202797e-02 2.89726416805553439e+19 2.00491332185847602e+21
2.09307828843990559e-02 2.90911342335968707e+19 2.00862394851469007e+21
2.09898291458778322e-02 2.92098436658863923e+19 2.01225915515997939e+21
2.10488754073566084e-02 2.93287654806294282e+19 2.01581746722831624e+21
2.11079216688353881e-02 2.94478950939119124e+19 2.01929740841851630e+21
2.11669679303141643e-02 2.95672278346018775e+19 2.02269750084421655e+21
2.12260141917929440e-02 2.96867589472896532e+19 2.02601671016584131e+21
2.12850604532717202e-02 2.98064837900856607e+19 2.02926071872614118e+21
2.13441067147504965e-02 2.99263980238200136e+19 2.03243148897995876e+21
2.14031529762292762e-02 3.00464972845360210e+19 2.03552768270237565e+21
2.14621992377080524e-02 3.01667771292590940e+19 2.03854796165044712e+21
2.15212454991868286e-02 3.02872330359989002e+19 2.04149098769649159e+21
2.15802917606656049e-02 3.04078604037603533e+19 2.04435542296295165e+21
2.16393380221443846e-02 3.05286545525627822e+19 2.04713992995890476e+21
2.16983842836231608e-02 3.06496107234665923e+19 2.04984317171818666e+21
2.17574305451019370e-02 3.07707241112173036e+19 2.05246546929573141e+21
2.18164768065807167e-02 3.08919899623660175e+19 2.05500715285541919e+21
2.18755230680594930e-02 3.10134034779230781e+19 2.05746690049626813e+21
2.19345693295382692e-02 3.11349597808850493e+19 2.05984339166297116e+21
2.19936155910170489e-02 3.12566539163177247e+19 2.06213530728815762e+21
2.20526618524958251e-02 3.13784808514482422e+19 2.06434132993630352e+21
2.21117081139746013e-02 3.15004354757662024e+19 2.06646014394928910e+21
2.21707543754533810e-02 3.16225126011322737e+19 2.06849043559362567e+21
2.22298006369321573e-02 3.17447069930484081e+19 2.07043247648277266e+21
2.22888468984109335e-02 3.18670134644851302e+19 2.07228654872995509e+21
2.23478931598897132e-02 3.19894267829925560e+19 2.07405135785747730e+21
2.24069394213684894e-02 3.21119416397677650e+19 2.07572561213863992e+21
2.24659856828472657e-02 3.22345526498205204e+19 2.07730802274852615e+21
2.25250319443260454e-02 3.23572543521503764e+19 2.07879730391654833e+21
2.25840782058048216e-02 3.24800412099300598e+19 2.08019217308046433e+21
2.26431244672835978e-02 3.26029076107009270e+19 2.08149135104226597e+21
2.27021707287623775e-02 3.27258478961436303e+19 2.08269506489421503e+21
2.27612169902411537e-02 3.28488564512346563e+19 2.08380355367245500e+21
2.28202632517199300e-02 3.29719276162005033e+19 2.08481556176095229e+21
2.28793095131987097e-02 3.30950556572493332e+19 2.08572983773414818e+21
2.29383557746774859e-02 3.32182347668261929e+19 2.08654513451594364e+21
2.29974020361562621e-02 3.33414590638726922e+19 2.08726020953991807e+21
2.30564482976350384e-02 3.34647225940989542e+19 2.08787382491133693e+21
2.31154945591138181e-02 3.35880193302634742e+19 2.08838474757068135e+21
2.31745408205925943e-02 3.37113432003397222e+19 2.08879316624519201e+21
2.32335870820713705e-02 3.38346882002405007e+19 2.08910124018860399e+21
2.32926333435501502e-02 3.39580485390786437e+19 2.08931273592612402e+21
2.33516796050289265e-02 3.40814184948388536e+19 2.08942680142276880e+21
2.34107258665077027e-02 3.42047922826740285e+19 2.08944235523775529e+21
2.34697721279864824e-02 3.43281640540566118e+19 2.08935832191491768e+21
2.35288183894652586e-02 3.44515278971378934e+19 2.08917363212360561e+21
2.35878646509440348e-02 3.45748778371137290e+19 2.08888722280051743e+21
2.36469109124228145e-02 3.46982078626908692e+19 2.08849936352705721e+21
2.37059571739015908e-02 3.48215120049945231e+19 2.08801033871834166e+21
2.37650034353803670e-02 3.49447842601082757e+19 2.08741911748369685e+21
2.38240496968591467e-02 3.50680185634511626e+19 2.08672467589319413e+21
2.38830959583379229e-02 3.51912087901921690e+19 2.08592599711904275e+21
2.39421422198166992e-02 3.53143487556728914e+19 2.08502207157787951e+21
2.40011884812954789e-02 3.54374322158405222e+19 2.08401189707410833e+21
2.40602347427742551e-02 3.55604528676882760e+19 2.08289447894409649e+21
2.41192810042530313e-02 3.56834043739416822e+19 2.08167006218670178e+21
2.41783272657318110e-02 3.58062804364750971e+19 2.08033890792886475e+21
2.42373735272105872e-02 3.59290747244951429e+19 2.07890005749742698e+21
2.42964197886893635e-02 3.60517808508433121e+19 2.07735256041632563e+21
2.43554660501681432e-02 3.61743923724853043e+19 2.07569547454968784e+21
2.44145123116469194e-02 3.62969027910065234e+19 2.07392786624559212e+21
2.44735585731256956e-02 3.64193055531180032e+19 2.07204881048070704e+21
2.45326048346044719e-02 3.65415940511693496e+19 2.07005739100560871e+21
2.45916510960832516e-02 3.66637616459987354e+19 2.06795383536375117e+21
2.46506973575620278e-02 3.67858017346882724e+19 2.06573838850079536e+21
2.47097436190408040e-02 3.69077076845564805e+19 2.06341017390708713e+21
2.47687898805195837e-02 3.70294728114442158e+19 2.06096832447834463e+21
2.48278361419983599e-02 3.71510903802741801e+19 2.05841198265905211e+21
2.48868824034771362e-02 3.72725536056190403e+19 2.05574030058645724e+21
2.49459286649559159e-02 3.73938556522784113e+19 2.05295244023517544e+21
2.50049749264346921e-02 3.75149896358632489e+19 2.05004757356234801e+21
2.50640211879134683e-02 3.76359486437641994e+19 2.04702591834344994e+21
2.51230674493922480e-02 3.77567257971236864e+19 2.04388771099235294e+21
2.51821137108710243e-02 3.78773141907570033e+19 2.04063216684387795e+21
2.52411599723498005e-02 3.79977068734589420e+19 2.03725851180734559e+21
2.53002062338285802e-02 3.81178968695488594e+19 2.03376747255999837e+21
2.53592524953073564e-02 3.82378773654162473e+19 2.03016245509413850e+21
2.54182987567861327e-02 3.83576416242118574e+19 2.02644303584685746e+21
2.54773450182649124e-02 3.84771828716582420e+19 2.02260856356948541e+21
2.55363912797436886e-02 3.85964943137415332e+19 2.01865933312117441e+21
2.55954375412224648e-02 3.87155691927964221e+19 2.01459565878158662e+21
2.56544838027012445e-02 3.88344007334052004e+19 2.01041693496831587e+21
2.57135300641800207e-02 3.89529821247244206e+19 2.00612256734816659e+21
2.57725763256587970e-02 3.90713065211522580e+19 2.00171197295332688e+21
2.58316225871375767e-02 3.91893670430034575e+19 1.99718458029758533e+21
2.58906688486163529e-02 3.93071567771907441e+19 1.99253982949248808e+21
2.59497151100951291e-02 3.94246687779114762e+19 1.98777717236338944e+21
2.60087613715739088e-02 3.95418960837523210e+19 1.98289690666531789e+21
2.60678076330526851e-02 3.96588317678551286e+19 1.97789935048965567e+21
2.61268538945314613e-02 3.97754688898412544e+19 1.97278400404022283e+21
2.61859001560102375e-02 3.98918004801774715e+19 1.96755037963445259e+21
2.62449464174890172e-02 4.00078195408953426e+19 1.96219800181418571e+21
2.63039926789677934e-02 4.01235190463153930e+19 1.95672640745618040e+21
2.63630389404465697e-02 4.02388919437806879e+19 1.95113514588253114e+21
2.64220852019253494e-02 4.03539311543919657e+19 1.94542377897057347e+21
2.64811314634041256e-02 4.04686295881732342e+19 1.93959261435684218e+21
2.65401777248829018e-02 4.05829801883248312e+19 1.93364198082793570e+21
2.65992239863616815e-02 4.06969758891566612e+19 1.92757149107777438e+21
2.66582702478404578e-02 4.08106096024893604e+19 1.92138077069565074e+21
2.67173165093192340e-02 4.09238742184188150e+19 1.91506945827014024e+21
2.67763627707980137e-02 4.10367626060880773e+19 1.90863720549263553e+21
2.68354090322767899e-02 4.11492676144631972e+19 1.90208367726035573e+21
2.68944552937555661e-02 4.12613820731155087e+19 1.89540855177884441e+21
2.69535015552343458e-02 4.13730988054571336e+19 1.88861215348733641e+21
2.70125478167131221e-02 4.14844106671139717e+19 1.88169482866877556e+21
2.70715940781918983e-02 4.15953105098235576e+19 1.87465630846756717e+21
2.71306403396706780e-02 4.17057911698480988e+19 1.86749633761230822e+21
2.71896866011494542e-02 4.18158454687797084e+19 1.86021467451140106e+21
2.72487328626282305e-02 4.19254662143534531e+19 1.85281109134812014e+21
2.73077791241070102e-02 4.20346462012594504e+19 1.84528537417471073e+21
2.73668253855857864e-02 4.21433782119687700e+19 1.83763732300615097e+21
2.74258716470645626e-02 4.22516550288738796e+19 1.82986743734281175e+21
2.74849179085433423e-02 4.23594695448843387e+19 1.82197891015585825e+21
2.75439641700221186e-02 4.24668147987929580e+19 1.81397269485807914e+21
2.76030104315008948e-02 4.25736838389383414e+19 1.80584870501562555e+21
2.76620566929796710e-02 4.26800697089599980e+19 1.79760686796988980e+21
2.77211029544584507e-02 4.27859654486167798e+19 1.78924712490818208e+21
2.77801492159372269e-02 4.28913640946055578e+19 1.78076943093333806e+21
2.78391954774160032e-02 4.29962586813838541e+19 1.77217375513238490e+21
2.78982417388947829e-02 4.31006422505878733e+19 1.76346051754457956e+21
2.79572880003735591e-02 4.32045078778714440e+19 1.75463016046149239e+21
2.80163342618523353e-02 4.33078486483911066e+19 1.74568270738714683e+21
2.80753805233311150e-02 4.34106576491064771e+19 1.73661819588734694e+21
2.81344267848098913e-02 4.35129279696115384e+19 1.72743667764995188e+21
2.81934730462886675e-02 4.36146527029699871e+19 1.71813821854411889e+21
2.82525193077674472e-02 4.37158249465563218e+19 1.70872289867852467e+21
2.83115655692462234e-02 4.38164378028954337e+19 1.69919081245827059e+21
2.83706118307249996e-02 4.39164843872400671e+19 1.68954241101441453e+21
2.84296580922037793e-02 4.40159578488396759e+19 1.67977816785324501e+21
2.84887043536825556e-02 4.41148513520154542e+19 1.66989823239364595e+21
2.85477506151613318e-02 4.42131580703322604e+19 1.65990276835352746e+21
2.86067968766401115e-02 4.43108711874460140e+19 1.64979195379798875e+21
2.86658431381188877e-02 4.44079838979511910e+19 1.63956598118614303e+21
2.87248893995976640e-02 4.45044894082314732e+19 1.62922505741665829e+21
2.87839356610764437e-02 4.46003809373161636e+19 1.61876940387215134e+21
2.88429819225552199e-02 4.46956517226609705e+19 1.60819950729502576e+21
2.89020281840339961e-02 4.47902950360204902e+19 1.59751587674870802e+21
2.89610744455127758e-02 4.48843041699225682e+19 1.58671878877147431e+21
2.90201207069915521e-02 4.49776724336486892e+19 1.57580853431096390e+21
2.90791669684703283e-02 4.50703931540857242e+19 1.56478541875907133e+21
2.91382132299491045e-02 4.51624596765812408e+19 1.55364976198548875e+21
2.91972594914278842e-02 4.52538653657969213e+19 1.54240189836969325e+21
2.92563057529066604e-02 4.53446036065675100e+19 1.53104217683159705e+21
2.93153520143854367e-02 4.54346678079549686e+19 1.51957112362273997e+21
2.93743982758642164e-02 4.55240514139126415e+19 1.50798928707497388e+21
2.94334445373429926e-02 4.56127478949480366e+19 1.49629707092883826e+21
2.94924907988217688e-02 4.57007507458319647e+19 1.48449489331210237e+21
2.95515370603005485e-02 4.57880534864496968e+19 1.47258318676065675e+21
2.96105833217793248e-02 4.58746496626511790e+19 1.46056239823777405e+21
2.96696295832581010e-02 4.59605328487018578e+19 1.44843317426122392e+21
2.97286758447368807e-02 4.60456966966818243e+19 1.43619743434856910e+21
2.97877221062156569e-02 4.61301349482174628e+19 1.42385606774378358e+21
2.98467683676944331e-02 4.62138413850470973e+19 1.41140968209663105e+21
2.99058146291732128e-02 4.62968098222576845e+19 1.39885882399059214e+21
2.99648608906519891e-02 4.63790341076199916e+19 1.38620405390944240e+21
3.00239071521307653e-02 4.64605081224092795e+19 1.37344594623770054e+21
3.00829534136095450e-02 4.65412257822270095e+19 1.36058508925948343e+21
3.01419996750883212e-02 4.66211810378205921e+19 1.34762208515566862e+21
3.02010459365670975e-02 4.67003678759044383e+19 1.33455754999945966e+21
3.02600921980458772e-02 4.67787803199472845e+19 1.32139211255803465e+21
3.03191384595246534e-02 4.68564124310977905e+19 1.30812642225151069e+21
3.03781847210034296e-02 4.69332583094442066e+19 1.29476114672461414e+21
3.04372309824822093e-02 4.70093120948957921e+19 1.28129696718012783e+21
3.04962772439609855e-02 4.70845679679841812e+19 1.26773457836451011e+21
3.05553235054397618e-02 4.71590201506631762e+19 1.25407468855179110e+21
3.06143697669185380e-02 4.72326629071067300e+19 1.24031801952573719e+21
3.06734160283973177e-02 4.73054905445049467e+19 1.22646530656027777e+21
3.07324622898760939e-02 4.73774974123523031e+19 1.21251722213750184e+21
3.07915085513548702e-02 4.74486778989040435e+19 1.19847445851931384e+21
3.08505548128336499e-02 4.75190264368141763e+19 1.18433780058006094e+21
3.09096010743124261e-02 4.75885375054685798e+19 1.17010804627261502e+21
3.09686473357912023e-02 4.76572056317543629e+19 1.15578600659881086e+21
3.10276935972699820e-02 4.77250253908282163e+19 1.14137250557819054e+21
3.10867398587487583e-02 4.77919914068877476e+19 1.12686838021508668e+21
3.11457861202275345e-02 4.78580983539334431e+19 1.11227448046378405e+21
3.12048323817063142e-02 4.79233409536490455e+19 1.09759152296240913e+21
3.12638786431850904e-02 4.79877139676792504e+19 1.08282024306071201e+21
3.13229249046638666e-02 4.80512122073403965e+19 1.06796153784395183e+21
3.13819711661426498e-02 4.81138305372857958e+19 1.05301631685987729e+21
3.14410174276214260e-02 4.81755638762415227e+19 1.03798550207419607e+21
3.15000636891002023e-02 4.82364071977358295e+19 1.02287002782418259e+21
3.15591099505789785e-02 4.82963555308338790e+19 1.00767084077070444e+21
3.16181562120577547e-02 4.83554039608568545e+19 9.92388899848220049e+20
3.16772024735365310e-02 4.84135476259546726e+19 9.77024965447117439e+20
3.17362487350153072e-02 4.84707817055178834e+19 9.61579815410414649e+20
3.17952949964940834e-02 4.85271014336239452e+19 9.46054452845461635e+20
3.18543412579728596e-02 4.85825021039257354e+19 9.30449892572545286e+20
3.19133875194516428e-02 4.86369790703426765e+19 9.14767161065507389e+20
3.19724337809304190e-02 4.86905277477152850e+19 8.99007289412666130e+20
3.20314800424091953e-02 4.87431436074792059e+19 8.83171133275263336e+20
3.20905263038879784e-02 4.87948221727807980e+19 8.67259667099681817e+20
3.21495725653667547e-02 4.88455590231915233e+19 8.51273695557289771e+20
3.22086188268455309e-02 4.88953497809422664e+19 8.35214039387048509e+20
3.22676650883243071e-02 4.89441901277610312e+19 8.19081802285959741e+20
3.23267113498030834e-02 4.89920758108688220e+19 8.02878098843636204e+20
3.23857576112818596e-02 4.90390026436175544e+19 7.86604054468630413e+20
3.24448038727606358e-02 4.90849665061283348e+19 7.70260805313086358e+20
3.25038501342394121e-02 4.91299633459226542e+19 7.53849498195621577e+20
3.25628963957181883e-02 4.91739891785510175e+19 7.37371290522558005e+20
3.26219426571969645e-02 4.92170400818647941e+19 7.20827027852677612e+20
3.26809889186757477e-02 4.92591121777060168e+19 7.04217570196300890e+20
3.27400351801545239e-02 4.93002016517696881e+19 6.87544112000033620e+20
3.27990814416333001e-02 4.93403047605702492e+19 6.70807857602013299e+20
3.28581277031120833e-02 4.93794178320239657e+19 6.54010021144310317e+20
3.29171739645908595e-02 4.94175372660246364e+19 6.37151826483689292e+20
3.29762202260696358e-02 4.94546595350161572e+19 6.20234507100712468e+20
3.30352664875484120e-02 4.94907811845546721e+19 6.03259306007194632e+20
3.30943127490271882e-02 4.95258988266071982e+19 5.86227106764076679e+20
3.31533590105059645e-02 4.95600091184098263e+19 5.69138805604054335e+20
3.32124052719847407e-02 4.95931087849751183e+19 5.51995678278531678e+20
3.32714515334635169e-02 4.96251946269025321e+19 5.34799009312502514e+20
3.33304977949422931e-02 4.96562635208959427e+19 5.17550091903911920e+20
3.33895440564210763e-02 4.96863124202699080e+19 5.00250227821430309e+20
3.34485903178998525e-02 4.97153383554548777e+19 4.82900727300732027e+20
3.35076365793786288e-02 4.97433384344935383e+19 4.65502908939263476e+20
3.35666828408574119e-02 4.97703098354774180e+19 4.48057690637742637e+20
3.36257291023361882e-02 4.97962497829543526e+19 4.30566001039819276e+20
3.36847753638149644e-02 4.98211555726878966e+19 4.13029186792895873e+20
3.37438216252937406e-02 4.98450245801790505e+19 3.95448602092778684e+20
3.38028678867725169e-02 4.98678542611101041e+19 3.77825608571111997e+20
3.38619141482512931e-02 4.98896421517783777e+19 3.60161575181354533e+20
3.39209604097300693e-02 4.99103858695265075e+19 3.42457878083410330e+20
3.39800066712088455e-02 4.99300831131637596e+19 3.24715900526888485e+20
3.40390529326876218e-02 4.99487316546736210e+19 3.06936590371075457e+20
3.40980991941663980e-02 4.99663293135478620e+19 2.89120904157260775e+20
3.41571454556451812e-02 4.99828739834023854e+19 2.71270248148438352e+20
3.42161917171239574e-02 4.99983636410734019e+19 2.53386034834960843e+20
3.42752379786027336e-02 5.00127963469777797e+19 2.35469682811344650e+20
3.43342842400815168e-02 5.00261702454741975e+19 2.17522616651871453e+20
3.43933305015602930e-02 5.00384835588239524e+19 1.99545754325821981e+20
3.44523767630390693e-02 5.00497345098769367e+19 1.81538660302424539e+20
3.45114230245178455e-02 5.00599213379957719e+19 1.63502136846503379e+20
3.45704692859966217e-02 5.00690423298060534e+19 1.45437165362987975e+20
3.46295155474753980e-02 5.00770958485320253e+19 1.27345202355490931e+20
3.46885618089541742e-02 5.00840803435588731e+19 1.09227709715063636e+20
3.47476080704329504e-02 5.00899943507458703e+19 9.10861545888799949e+19
3.48066543319117266e-02 5.00948364927345541e+19 7.29220092476817654e+19
3.48657005933905098e-02 5.00986054792467907e+19 5.47367509520024125e+19
3.49247468548692860e-02 5.01013001073741169e+19 3.65318618172276859e+19
3.49837931163480623e-02 5.01029192522442998e+19 1.83083400352302510e+19
3.50428393778268454e-02 5.01034618384491315e+19 6.71886078294852880e+16
3.51018856393056217e-02 5.01029268691682345e+19 -1.81900965534377902e+19
3.51609319007843979e-02 5.01013134360259707e+19 -3.64620156196229120e+19
3.52199781622631741e-02 5.00986207193177620e+19 -5.47470649844730757e+19
3.52790244237419504e-02 5.00948479882291692e+19 -7.30437374055848755e+19
3.53380706852207266e-02 5.00899946010471956e+19 -9.13505221465420595e+19
3.53971169466995028e-02 5.00840600053622292e+19 -1.09665905120015843e+20
3.54561632081782790e-02 5.00770437283935519e+19 -1.27988870333635559e+20
3.55152094696570553e-02 5.00689453475635036e+19 -1.46318399324670394e+20
3.55742557311358315e-02 5.00597645202301092e+19 -1.64652969998166458e+20
3.56333019926146147e-02 5.00495009936965878e+19 -1.82991057875994051e+20
3.56923482540933909e-02 5.00381546053483971e+19 -2.01331136243916538e+20
3.57513945155721671e-02 5.00257252827793408e+19 -2.19671676299437015e+20
3.58104407770509503e-02 5.00122130439121306e+19 -2.38011147300432871e+20
3.58694870385297265e-02 4.99976179971060695e+19 -2.56348016714462036e+20
3.59285333000085028e-02 4.99819403312874537e+19 -2.74681257256186511e+20
3.59875795614872790e-02 4.99651802860714394e+19 -2.93009841565307535e+20
3.60466258229660552e-02 4.99473381816930468e+19 -3.11332235052158353e+20
3.61056720844448314e-02 4.99284144290237071e+19 -3.29646902325569192e+20
3.61647183459236077e-02 4.99084095296123699e+19 -3.47952307344845570e+20
3.62237646074023839e-02 4.98873240757228913e+19 -3.66246913572332569e+20
3.62828108688811601e-02 4.98651587503550054e+19 -3.84529184126425498e+20
3.63418571303599433e-02 4.98419143272635433e+19 -4.02797581935078998e+20
3.64009033918387195e-02 4.98175916610173174e+19 -4.21051075266723774e+20
3.64599496533174958e-02 4.97921916571030323e+19 -4.39288634741083079e+20
3.65189959147962789e-02 4.97657153016204411e+19 -4.57508727277029425e+20
3.65780421762750552e-02 4.97381636711682458e+19 -4.75709820603060322e+20
3.66370884377538314e-02 4.97095379327936020e+19 -4.93890383412083687e+20
3.66961346992326076e-02 4.96798393439283364e+19 -5.12048885516439519e+20
3.67551809607113839e-02 4.96490692523193385e+19 -5.30183798003204358e+20
3.68142272221901601e-02 4.96172290959491400e+19 -5.48293593389652836e+20
3.68732734836689363e-02 4.95843203774019092e+19 -5.66378395820687163e+20
3.69323197451477125e-02 4.95503444844256788e+19 -5.84440576724472103e+20
3.69913660066264888e-02 4.95153027862613361e+19 -6.02478823033925927e+20
3.70504122681052650e-02 4.94791967414795715e+19 -6.20491599829244707e+20
3.71094585295840412e-02 4.94420278992377610e+19 -6.38477373723945468e+20
3.71685047910628313e-02 4.94037978991864627e+19 -6.56434613024546226e+20
3.72275510525416076e-02 4.93645084713614377e+19 -6.74361787890501288e+20
3.72865973140203838e-02 4.93241614360714691e+19 -6.92257370494489199e+20
3.73456435754991600e-02 4.92827586943094702e+19 -7.10120316333524517e+20
3.74046898369779363e-02 4.92403021991104020e+19 -7.27949587067988083e+20
3.74637360984567125e-02 4.91967939835992965e+19 -7.45743667896626708e+20
3.75227823599354887e-02 4.91522361702566052e+19 -7.63501047046059196e+20
3.75818286214142649e-02 4.91066309707333140e+19 -7.81220215931015135e+20
3.76408748828930412e-02 4.90599806856580465e+19 -7.98899669314661908e+20
3.76999211443718174e-02 4.90122877044371292e+19 -8.16537905469016900e+20
3.77589674058505936e-02 4.89635545050395279e+19 -8.34133426335265980e+20
3.78180136673293699e-02 4.89137836447564595e+19 -8.51685196248271028e+20
3.78770599288081461e-02 4.88629777327772385e+19 -8.69192188123521614e+20
3.79361061902869362e-02 4.88111394567626342e+19 -8.86652923031176610e+20
3.79951524517657124e-02 4.87582715915620598e+19 -9.04065926715167343e+20
3.80541987132444887e-02 4.87043769989314150e+19 -9.21429729751931552e+20
3.81132449747232649e-02 4.86494586272452526e+19 -9.38742867709032792e+20
3.81722912362020411e-02 4.85935195111949435e+19 -9.56003881303412703e+20
3.82313374976808173e-02 4.85365627714822717e+19 -9.73211316559450866e+20
3.82903837591595936e-02 4.84785916060587459e+19 -9.90364154109773087e+20
3.83494300206383698e-02 4.84196092643252961e+19 -1.00746138553039349e+21
3.84084762821171460e-02 4.83596190718309335e+19 -1.02450158196076564e+21
3.84675225435959223e-02 4.82986244383081267e+19 -1.04148332083099389e+21
3.85265688050746985e-02 4.82366288572992717e+19 -1.05840518601669122e+21
3.85856150665534747e-02 4.81736359057662280e+19 -1.07526576799317151e+21
3.86446613280322648e-02 4.81096492437023457e+19 -1.09206366398934378e+21
3.87037075895110411e-02 4.80446726137244467e+19 -1.10879747814077563e+21
3.87627538509898173e-02 4.79787098329349734e+19 -1.12546621468733617e+21
3.88218001124685935e-02 4.79117647691352392e+19 -1.14206889109418213e+21
3.88808463739473698e-02 4.78438413632659620e+19 -1.15860414241003969e+21
3.89398926354261460e-02 4.77749436366310523e+19 -1.17507061154088341e+21
3.89989388969049222e-02 4.77050756904309309e+19 -1.19146694939833401e+21
3.90579851583836984e-02 4.76342417052838380e+19 -1.20779181504717075e+21
3.91170314198624747e-02 4.75624459407414641e+19 -1.22404387585211367e+21
3.91760776813412509e-02 4.74896927347933348e+19 -1.24022180762362026e+21
3.92351239428200271e-02 4.74159864964759634e+19 -1.25632464523067864e+21
3.92941702042988034e-02 4.73413316844933693e+19 -1.27235143894331503e+21
3.93532164657775796e-02 4.72657328270163231e+19 -1.28830090102509221e+21
3.94122627272563697e-02 4.71891945231304540e+19 -1.30417233943666465e+21
3.94713089887351459e-02 4.71117212794630636e+19 -1.31996941312684065e+21
3.95303552502139222e-02 4.70333174723012362e+19 -1.33569193231519790e+21
3.95894015116926984e-02 4.69539875423241912e+19 -1.35133859386207607e+21
3.96484477731714746e-02 4.68737360069045043e+19 -1.36690810320409068e+21
3.97074940346502508e-02 4.67925674536676393e+19 -1.38239947615226508e+21
3.97665402961290271e-02 4.67104865219767665e+19 -1.39781174466734247e+21
3.98255865576078033e-02 4.66274979198029660e+19 -1.41314365196366224e+21
3.98846328190865795e-02 4.65436064290469970e+19 -1.42839395074671378e+21
3.99436790805653558e-02 4.64588169049739919e+19 -1.44356140335820335e+21
4.00027253420441320e-02 4.63731342756397056e+19 -1.45864478192024368e+21
4.00617716035229082e-02 4.62865635413094482e+19 -1.47364286847860920e+21
4.01208178650016983e-02 4.61991097738676961e+19 -1.48855445514500283e+21
4.01798641264804746e-02 4.61107781113704202e+19 -1.50337859110092616e+21
4.02389103879592508e-02 4.60215737426599854e+19 -1.51811434370868419e+21
4.02979566494380270e-02 4.59315019208867103e+19 -1.53276054809991787e+21
4.03570029109168033e-02 4.58405679676602696e+19 -1.54731605033407191e+21
4.04160491723955795e-02 4.57487772723993887e+19 -1.56177970753307122e+21
4.04750954338743557e-02 4.56561352916771144e+19 -1.57615038801492286e+21
4.05341416953531319e-02 4.55626475485525688e+19 -1.59042697142587700e+21
4.05931879568319082e-02 4.54683196319013356e+19 -1.60460834887155161e+21
4.06522342183106844e-02 4.53731571920734618e+19 -1.61869360947621344e+21
4.07112804797894606e-02 4.52771659289840189e+19 -1.63268186242636710e+21
4.07703267412682369e-02 4.51803516019566264e+19 -1.64657204671202329e+21
4.08293730027470131e-02 4.50827200326022349e+19 -1.66036311357980803e+21
4.08884192642258032e-02 4.49842771040921846e+19 -1.67405402665477813e+21
4.09474655257045794e-02 4.48850287604231619e+19 -1.68764376206071746e+21
4.10065117871833557e-02 4.47849810056766423e+19 -1.70113130853900589e+21
4.10655580486621319e-02 4.46841399032688067e+19 -1.71451566756583624e+21
4.11246043101409081e-02 4.45825115728313631e+19 -1.72779597417758379e+21
4.11836505716196843e-02 4.44801021820954051e+19 -1.74097138518368453e+21
4.12426968330984606e-02 4.43769179527548191e+19 -1.75404095436821050e+21
4.13017430945772368e-02 4.42729651619787489e+19 -1.76700374897178653e+21
4.13607893560560130e-02 4.41682501416106148e+19 -1.77985884979796981e+21
4.14198356175347893e-02 4.40627792773678367e+19 -1.79260535131817273e+21
4.14788818790135655e-02 4.39565590080281559e+19 -1.80524236177455238e+21
4.15379281404923417e-02 4.38495958246165217e+19 -1.81776900328137451e+21
4.15969744019711318e-02 4.37418962686056366e+19 -1.83018446203048821e+21
4.16560206634499081e-02 4.36334669278946017e+19 -1.84248794750857721e+21
4.17150669249286843e-02 4.35243144384143933e+19 -1.85467863806228378e+21
4.17741131864074605e-02 4.34144454841856737e+19 -1.86675572654602007e+21
4.18331594478862367e-02 4.33038667964560097e+19 -1.87871842041085113e+21
4.18922057093650130e-02 4.31925851528370586e+19 -1.89056594179163397e+21
4.19512519708437892e-02 4.30806073764359291e+19 -1.90229752759218864e+21
4.20102982323225654e-02 4.29679403349788508e+19 -1.91391242956832794e+21
4.20693444938013417e-02 4.28545908999662797e+19 -1.92541237781991470e+21
4.21283907552801179e-02 4.27405657131564646e+19 -1.93680129057279391e+21
4.21874370167588941e-02 4.26258713476599071e+19 -1.94807849995450057e+21
4.22464832782376704e-02 4.25105144218011812e+19 -1.95924324086708647e+21
4.23055295397164466e-02 4.23945015986581914e+19 -1.97029476256118315e+21
4.23645758011952367e-02 4.22778395852122931e+19 -1.98123232873019317e+21
4.24236220626740129e-02 4.21605351314915983e+19 -1.99205521760262344e+21
4.24826683241527892e-02 4.20425950297113477e+19 -2.00276272203267414e+21
4.25417145856315654e-02 4.19240261154638397e+19 -2.01335404566352731e+21
4.26007608471103416e-02 4.18048352727295508e+19 -2.02382841687368820e+21
4.26598071085891178e-02 4.16850294263076127e+19 -2.03418518797669813e+21
4.27188533700678941e-02 4.15646155387933000e+19 -2.04442372646115187e+21
4.27778996315466703e-02 4.14436006096792289e+19 -2.05454341506809070e+21
4.28369458930254465e-02 4.13219916744531067e+19 -2.06454365186641101e+21
4.28959921545042228e-02 4.11997958036896809e+19 -2.07442385032616582e+21
4.29550384159829990e-02 4.10770201021398303e+19 -2.08418343938985820e+21
4.30140846774617752e-02 4.09536717114943652e+19 -2.09382167720864173e+21
4.30731309389405653e-02 4.08297578202034422e+19 -2.10333784777803301e+21
4.31321772004193416e-02 4.07052856509795123e+19 -2.11273144235758138e+21
4.31912234618981178e-02 4.05802624561052058e+19 -2.12200196812641665e+21
4.32502697233768940e-02 4.04546955164894822e+19 -2.13114894823987741e+21
4.33093159848556702e-02 4.03285921407258460e+19 -2.14017192188416465e+21
4.33683622463344465e-02 4.02019596641413530e+19 -2.14907044432844449e+21
4.34274085078132227e-02 4.00748054478473380e+19 -2.15784408697491502e+21
4.34864547692919989e-02 3.99471368831426396e+19 -2.16649216582347312e+21
4.35455010307707752e-02 3.98189614063220326e+19 -2.17501402361119454e+21
4.36045472922495514e-02 3.96902864810959749e+19 -2.18340929630487079e+21
4.36635935537283276e-02 3.95611195921831035e+19 -2.19167763634055099e+21
4.37226398152071039e-02 3.94314682443371069e+19 -2.19981871265781252e+21
4.37816860766858801e-02 3.93013399613728850e+19 -2.20783221073167621e+21
4.38407323381646702e-02 3.91707422851864904e+19 -2.21571783260188495e+21
4.38997785996434464e-02 3.90396827747782656e+19 -2.22347529690001231e+21
4.39588248611222226e-02 3.89081690123523604e+19 -2.23110397981530207e+21
4.40178711226009989e-02 3.87762086232571822e+19 -2.23860328494362578e+21
4.40769173840797751e-02 3.86438092532034437e+19 -2.24597299708556739e+21
4.41359636455585513e-02 3.85109785601130824e+19 -2.25321291785192604e+21
4.41950099070373276e-02 3.83777242131237601e+19 -2.26032286567387418e+21
4.42540561685161038e-02 3.82440538915991634e+19 -2.26730267581093695e+21
4.43131024299948800e-02 3.81099752841324462e+19 -2.27415220035609009e+21
4.43721486914736563e-02 3.79754960875531059e+19 -2.28087130823851980e+21
4.44311949529524325e-02 3.78406240147655967e+19 -2.28745943711974477e+21
4.44902412144312087e-02 3.77053668199315046e+19 -2.29391605251064857e+21
4.45492874759099988e-02 3.75697322704019620e+19 -2.30024109044776750e+21
4.46083337373887751e-02 3.74337281368055153e+19 -2.30643450389892275e+21
4.46673799988675513e-02 3.72973621920485868e+19 -2.31249626274850983e+21
4.47264262603463275e-02 3.71606422103160750e+19 -2.31842635378015601e+21
4.47854725218251037e-02 3.70235759253751398e+19 -2.32422700434827143e+21
4.48445187833038800e-02 3.68861708701230531e+19 -2.32990109786171166e+21
4.49035650447826562e-02 3.67484345288368988e+19 -2.33544805418362864e+21
4.49626113062614324e-02 3.66103744306379244e+19 -2.34086730764251929e+21
4.50216575677402087e-02 3.64719981161474785e+19 -2.34615885269044586e+21
4.50807038292189849e-02 3.63333131258282025e+19 -2.35132270025834260e+21
4.51397500906977611e-02 3.61943269990111355e+19 -2.35635887774140596e+21
4.51987963521765373e-02 3.60550472729239511e+19 -2.36126742898190739e+21
4.52578426136553136e-02 3.59154814817205371e+19 -2.36604841424942688e+21
4.53168888751341037e-02 3.57756371555118817e+19 -2.37070191021846744e+21
4.53759351366128799e-02 3.56355218317736100e+19 -2.37522738185201202e+21
4.54349813980916561e-02 3.54951430911699231e+19 -2.37962432198369136e+21
4.54940276595704324e-02 3.53545085188628316e+19 -2.38389287366809407e+21
4.55530739210492086e-02 3.52136256910839276e+19 -2.38803319630976202e+21
4.56121201825279848e-02 3.50725021741713285e+19 -2.39204546562315099e+21
4.56711664440067611e-02 3.49311455236079698e+19 -2.39592987358986397e+21
4.57302127054855373e-02 3.47895632830608015e+19 -2.39968662841309580e+21
4.57892589669643135e-02 3.46477629834258104e+19 -2.40331595446960102e+21
4.58483052284430898e-02 3.45057521560114790e+19 -2.40681737472147771e+21
4.59073514899218660e-02 3.43635383736511939e+19 -2.41019043999636678e+21
4.59663977514006422e-02 3.42211292067346924e+19 -2.41343544060107083e+21
4.60254440128794323e-02 3.40785322080376177e+19 -2.41655268283360582e+21
4.60844902743582086e-02 3.39357549117786890e+19 -2.41954248891704174e+21
4.61435365358369848e-02 3.37928048326837985e+19 -2.42240519693087067e+21
4.62025827973157610e-02 3.36496894650486579e+19 -2.42514116073928524e+21
4.62616290587945372e-02 3.35064162818105631e+19 -2.42775074991713131e+21
4.63206753202733135e-02 3.33629927494938829e+19 -2.43023354410492966e+21
4.63797215817520897e-02 3.32194263745405174e+19 -2.43258915060199771e+21
4.64387678432308659e-02 3.30757246541593313e+19 -2.43481800381306818e+21
4.64978141047096422e-02 3.29318950594540462e+19 -2.43692055354352337e+21
4.65568603661884184e-02 3.27879450345161933e+19 -2.43889726490725895e+21
4.66159066276671946e-02 3.26438819955244605e+19 -2.44074861823198547e+21
4.66749528891459708e-02 3.24997133298500731e+19 -2.44247510896190580e+21
4.67339991506247471e-02 3.23554463951655649e+19 -2.44407724755758560e+21
4.67930454121035372e-02 3.22110885361210532e+19 -2.44555466802900867e+21
4.68520916735823134e-02 3.20666471357769400e+19 -2.44690703164622085e+21
4.69111379350610896e-02 3.19221295614120346e+19 -2.44813491196568954e+21
4.69701841965398659e-02 3.17775431460072448e+19 -2.44923889712464501e+21
4.70292304580186421e-02 3.16328951873890959e+19 -2.45021958972366914e+21
4.70882767194974183e-02 3.14881929473782825e+19 -2.45107760670655853e+21
4.71473229809761946e-02 3.13434436509473014e+19 -2.45181357923783724e+21
4.72063692424549708e-02 3.11986544853831025e+19 -2.45242815257752633e+21
4.72654155039337470e-02 3.10538326186486047e+19 -2.45292101186441760e+21
4.73244617654125233e-02 3.09089852557440901e+19 -2.45329186891899706e+21
4.73835080268912995e-02 3.07641195796682056e+19 -2.45354142975727292e+21
4.74425542883700757e-02 3.06192427313322967e+19 -2.45367041393411175e+21
4.75016005498488658e-02 3.04743618087634698e+19 -2.45367955440133315e+21
4.75606468113276420e-02 3.03294838735016550e+19 -2.45356910894382789e+21
4.76196930728064183e-02 3.01846160055981916e+19 -2.45333863956025233e+21
4.76787393342851945e-02 3.00397652717148611e+19 -2.45298888304761189e+21
4.77377855957639707e-02 2.98949387123119309e+19 -2.45251959271373616e+21
4.77968318572427470e-02 2.97501434024353669e+19 -2.45193054788073711e+21
4.78558781187215232e-02 2.96053863880655012e+19 -2.45122259993850911e+21
4.79149243802002994e-02 2.94606746645469798e+19 -2.45039661262880060e+21
4.79739706416790757e-02 2.93160151758625055e+19 -2.44945346187602323e+21
4.80330169031578519e-02 2.91714148139195228e+19 -2.44839403561622805e+21
4.80920631646366281e-02 2.90268804178453996e+19 -2.44721923362379845e+21
4.81511094261154043e-02 2.88824187732942234e+19 -2.44592996733617229e+21
4.82101556875941806e-02 2.87380366339608945e+19 -2.44452603274977188e+21
4.82692019490729707e-02 2.85937407870915256e+19 -2.44300725095270764e+21
4.83282482105517469e-02 2.84495379855196119e+19 -2.44137458792687469e+21
4.83872944720305231e-02 2.83054349247194071e+19 -2.43962902052552835e+21
4.84463407335092994e-02 2.81614382421693686e+19 -2.43777153628450587e+21
4.85053869949880756e-02 2.80175545167260303e+19 -2.43580313323153077e+21
4.85644332564668518e-02 2.78737902680123392e+19 -2.43372481969388886e+21
4.86234795179456281e-02 2.77301519558134415e+19 -2.43153761410393362e+21
4.86825257794244043e-02 2.75866460030302700e+19 -2.42924134946683539e+21
4.87415720409031805e-02 2.74432788653113467e+19 -2.42683588283858734e+21
4.88006183023819567e-02 2.73000569591107707e+19 -2.42432228322899604e+21
4.88596645638607330e-02 2.71569866374893650e+19 -2.42170162887111108e+21
4.89187108253395092e-02 2.70140741895744102e+19 -2.41897500701514583e+21
4.89777570868182993e-02 2.68713258400341402e+19 -2.41614351372101773e+21
4.90368033482970755e-02 2.67287477485638205e+19 -2.41320825364927165e+21
4.90958496097758518e-02 2.65863460093836370e+19 -2.41017033985037278e+21
4.91548958712546280e-02 2.64441266755145318e+19 -2.40702963626565750e+21
4.92139421327334042e-02 2.63020958321530511e+19 -2.40378602974752067e+21
4.92729883942121805e-02 2.61602595211437343e+19 -2.40044067958288967e+21
4.93320346556909567e-02 2.60186237156595425e+19 -2.39699475248960137e+21
4.93910809171697329e-02 2.58771943197693420e+19 -2.39344942239630177e+21
4.94501271786485092e-02 2.57359771680175636e+19 -2.38980587022099939e+21
4.95091734401272854e-02 2.55949780250199613e+19 -2.38606528364865756e+21
4.95682197016060616e-02 2.54542025850688758e+19 -2.38222885690720020e+21
4.96272659630848378e-02 2.53136564975962030e+19 -2.37829647857495468e+21
4.96863122245636141e-02 2.51733454438702531e+19 -2.37426805892333122e+21
4.97453584860424042e-02 2.50332750583140721e+19 -2.37014483377174715e+21
4.98044047475211804e-02 2.48934509022167204e+19 -2.36592804446163907e+21
4.98634510089999566e-02 2.47538784634126950e+19 -2.36161893762553558e+21
4.99224972704787329e-02 2.46145631559771382e+19 -2.35721876495544222e+21
4.99815435319575091e-02 2.44755103199339233e+19 -2.35272878297025479e+21
5.00405897934362853e-02 2.43367252209774838e+19 -2.34815025278232088e+21
5.00996360549150616e-02 2.41982130769685996e+19 -2.34348308125976337e+21
5.01586823163938378e-02 2.40599791374833418e+19 -2.33872719568744297e+21
5.02177285778726140e-02 2.39220286024565350e+19 -2.33388389389511374e+21
5.02767748393513902e-02 2.37843665950856233e+19 -2.32895447723967198e+21
5.03358211008301665e-02 2.36469981616299540e+19 -2.32394025036745042e+21
5.03948673623089427e-02 2.35099282748328428e+19 -2.31884190427271633e+21
5.04539136237877328e-02 2.33731621139887391e+19 -2.31365094717403300e+21
5.05129598852665090e-02 2.32367052559993405e+19 -2.30836555084041159e+21
5.05720061467452853e-02 2.31005632560361759e+19 -2.30298596563316454e+21
5.06310524082240615e-02 2.29647416815531213e+19 -2.29751245890831568e+21
5.06900986697028377e-02 2.28292460289015644e+19 -2.29194670257842684e+21
5.07491449311816140e-02 2.26940816957335306e+19 -2.28629036780760361e+21
5.08081911926603902e-02 2.25592539810543084e+19 -2.28054512471262547e+21
5.08672374541391664e-02 2.24247680852929536e+19 -2.27471264206594114e+21
5.09262837156179426e-02 2.22906291103918039e+19 -2.26879458700065060e+21
5.09853299770967189e-02 2.21568420599094395e+19 -2.26279262471688395e+21
5.10443762385754951e-02 2.20234118672127181e+19 -2.25670699328337399e+21
5.11034225000542713e-02 2.18903434792932352e+19 -2.25053794596549349e+21
5.11624687615330476e-02 2.17576417718117007e+19 -2.24428716687712400e+21
5.12215150230118377e-02 2.16253115210819871e+19 -2.23795633689469649e+21
5.12805612844906139e-02 2.14933574042713743e+19 -2.23154713337330323e+21
5.13396075459693901e-02 2.13617839996163236e+19 -2.22506122986494545e+21
5.13986538074481664e-02 2.12305957866559570e+19 -2.21850029583912927e+21
5.14577000689269426e-02 2.10997971464799273e+19 -2.21186599640544104e+21
5.15167463304057188e-02 2.09693923904267182e+19 -2.20515854868307378e+21
5.15757925918844951e-02 2.08393858451133850e+19 -2.19837818326826038e+21
5.16348388533632713e-02 2.07097817664949002e+19 -2.19152657800737325e+21
5.16938851148420475e-02 2.05805843116198953e+19 -2.18460540514145350e+21
5.17529313763208237e-02 2.04517975389689815e+19 -2.17761633104126778e+21
5.18119776377996000e-02 2.03234254088103813e+19 -2.17056101594516187e+21
5.18710238992783762e-02 2.01954717835682857e+19 -2.16344111369922675e+21
5.19300701607571663e-02 2.00679404282087875e+19 -2.15625827150025196e+21
5.19891164222359425e-02 1.99408350392281293e+19 -2.14901267830258480e+21
5.20481626837147188e-02 1.98141593302735995e+19 -2.14170453490807393e+21
5.21072089451934950e-02 1.96879169458280284e+19 -2.13433549542872606e+21
5.21662552066722712e-02 1.95621114329348792e+19 -2.12690720615981017e+21
5.22253014681510475e-02 1.94367462416662364e+19 -2.11942130533774498e+21
5.22843477296298237e-02 1.93118247256069489e+19 -2.11187942290116366e+21
5.23433939911085999e-02 1.91873501423503442e+19 -2.10428318025456209e+21
5.24024402525873761e-02 1.90633256540099052e+19 -2.09663419003504034e+21
5.24614865140661524e-02 1.89397543562766746e+19 -2.08893260739714351e+21
5.25205327755449286e-02 1.88166393639795712e+19 -2.08117859780909990e+21
5.25795790370237048e-02 1.86939837250316698e+19 -2.07337377541607837e+21
5.26386252985024811e-02 1.85717903923259884e+19 -2.06551974452403844e+21
5.26976715599812712e-02 1.84500622243232358e+19 -2.05761809938399625e+21
5.27567178214600474e-02 1.83288019856513761e+19 -2.04967042397936026e+21
5.28157640829388236e-02 1.82080123477188628e+19 -2.04167829181654735e+21
5.28748103444175999e-02 1.80876958893382083e+19 -2.03364326571844436e+21
5.29338566058963761e-02 1.79678551256233779e+19 -2.02556546308057517e+21
5.29929028673751523e-02 1.78484925928261837e+19 -2.01744501017501395e+21
5.30519491288539286e-02 1.77296107631904973e+19 -2.00928346638562519e+21
5.31109953903327048e-02 1.76112120172275753e+19 -2.00108237945272245e+21
5.31700416518114810e-02 1.74932986444088361e+19 -1.99284328528631667e+21
5.32290879132902572e-02 1.73758728438692782e+19 -1.98456770778270322e+21
5.32881341747690335e-02 1.72589367251233198e+19 -1.97625715864455427e+21
5.33471804362478097e-02 1.71424923637189919e+19 -1.96790848610838643e+21
5.34062266977265998e-02 1.70265425918263235e+19 -1.95950291084985447e+21
5.34652729592053760e-02 1.69110908661300142e+19 -1.95103916542052375e+21
5.35243192206841523e-02 1.67961405553593119e+19 -1.94251948176414160e+21
5.35833654821629285e-02 1.66816948971069624e+19 -1.93394606969274158e+21
5.36424117436417047e-02 1.65677569991442739e+19 -1.92532111665885059e+21
5.37014580051204810e-02 1.64543298407467438e+19 -1.91664678753732919e+21
5.37605042665992572e-02 1.63414162740341555e+19 -1.90792522441721460e+21
5.38195505280780334e-02 1.62290190253210173e+19 -1.89915854640294448e+21
5.38785967895568096e-02 1.61171407235304100e+19 -1.89034747636524856e+21
5.39376430510355859e-02 1.60057839821149368e+19 -1.88149273413700944e+21
5.39966893125143621e-02 1.58949513182474056e+19 -1.87259639910707783e+21
5.40557355739931383e-02 1.57846451270236488e+19 -1.86366052679534982e+21
5.41147818354719146e-02 1.56748676828778947e+19 -1.85468714870158629e+21
5.41738280969507047e-02 1.55656211410040566e+19 -1.84567827216313352e+21
5.42328743584294809e-02 1.54569075387871867e+19 -1.83663588022188481e+21
5.42919206199082571e-02 1.53487287972415345e+19 -1.82756193149995293e+21
5.43509668813870334e-02 1.52410867485749535e+19 -1.81845703427633080e+21
5.44100131428658096e-02 1.51339832154049004e+19 -1.80932179233315724e+21
5.44690594043445858e-02 1.50274199328204370e+19 -1.80015812045062983e+21
5.45281056658233620e-02 1.49213985235880223e+19 -1.79096790839079495e+21
5.45871519273021383e-02 1.48159204996316078e+19 -1.78175302081779597e+21
5.46461981887809145e-02 1.47109872635163668e+19 -1.77251529722632261e+21
5.47052444502596907e-02 1.46066001099368182e+19 -1.76325655187828874e+21
5.47642907117384670e-02 1.45027602272083128e+19 -1.75397857374737138e+21
5.48233369732172432e-02 1.43994687237437440e+19 -1.74468185844383089e+21
5.48823832346960333e-02 1.42967267039130931e+19 -1.73536689591552862e+21
5.49414294961748095e-02 1.41945351935829606e+19 -1.72603542844740285e+21
5.50004757576535858e-02 1.40928951165008118e+19 -1.71668917270828836e+21
5.50595220191323620e-02 1.39918072958079345e+19 -1.70732981973644031e+21
5.51185682806111382e-02 1.38912724555530199e+19 -1.69795903493240494e+21
5.51776145420899145e-02 1.37912912222057902e+19 -1.68857845805905058e+21
5.52366608035686907e-02 1.36918641261710459e+19 -1.67918970324863209e+21
5.52957070650474669e-02 1.35929916269490217e+19 -1.66979315873620584e+21
5.53547533265262431e-02 1.34946741850277437e+19 -1.66038920616559274e+21
5.54137995880050194e-02 1.33969121914738770e+19 -1.65097941126366757e+21
5.54728458494837956e-02 1.32997059456623411e+19 -1.64156531405026964e+21
5.55318921109625718e-02 1.32030556567939953e+19 -1.63214842888220076e+21
5.55909383724413481e-02 1.31069614454088479e+19 -1.62273024450335500e+21
5.56499846339201382e-02 1.30114233448969114e+19 -1.61331222410109911e+21
5.57090308953989144e-02 1.29164413030056919e+19 -1.60389580536865096e+21
5.57680771568776906e-02 1.28220152054736364e+19 -1.59448127728290601e+21
5.58271234183564669e-02 1.27281449433908470e+19 -1.58506892148072015e+21
5.58861696798352431e-02 1.26348303473731686e+19 -1.57566012650555100e+21
5.59452159413140193e-02 1.25420711667964518e+19 -1.56625625556054888e+21
5.60042622027927955e-02 1.24498670712905482e+19 -1.55685864660325656e+21
5.60633084642715718e-02 1.23582176522265682e+19 -1.54746861244553599e+21
5.61223547257503480e-02 1.22671224241989468e+19 -1.53808744085870608e+21
5.61814009872291242e-02 1.21765808265007084e+19 -1.52871639468360073e+21
5.62404472487079005e-02 1.20865922450414264e+19 -1.51935567399999006e+21
5.62994935101866767e-02 1.19971560746633974e+19 -1.51000547092453445e+21
5.63585397716654668e-02 1.19082717385741066e+19 -1.50066094076222217e+21
5.64175860331442430e-02 1.18199394957836534e+19 -1.49130430196498353e+21
5.64766322946230193e-02 1.17321600781662208e+19 -1.48193612300155722e+21
5.65356785561017955e-02 1.16449341079322399e+19 -1.47255840228572188e+21
5.65947248175805717e-02 1.15582620904542597e+19 -1.46317309893973036e+21
5.66537710790593479e-02 1.14721444165813596e+19 -1.45378213298481267e+21
5.67128173405381242e-02 1.13865813835659510e+19 -1.44438644023876465e+21
5.67718636020169004e-02 1.13015732527799419e+19 -1.43498693298686761e+21
5.68309098634956766e-02 1.12171201953389486e+19 -1.42558543784700202e+21
5.68899561249744529e-02 1.11332222756368445e+19 -1.41618374309492241e+21
5.69490023864532291e-02 1.10498794536021996e+19 -1.40678359891072464e+21
5.70080486479320053e-02 1.09670915869406269e+19 -1.39738671763569639e+21
5.70670949094107816e-02 1.08848584333609288e+19 -1.38799477403893131e+21
5.71261411708895717e-02 1.08031796527855227e+19 -1.37860940559340169e+21
5.71851874323683479e-02 1.07220548262238966e+19 -1.36923136613623687e+21
5.72442336938471241e-02 1.06414835075965399e+19 -1.35986138605290599e+21
5.73032799553259004e-02 1.05614651751720468e+19 -1.35050101249843239e+21
5.73623262168046766e-02 1.04819992169351885e+19 -1.34115175642507143e+21
5.74213724782834528e-02 1.04030849327159296e+19 -1.33181509289958939e+21
5.74804187397622290e-02 1.03247215362984837e+19 -1.32249246142767930e+21
5.75394650012410053e-02 1.02469081575114383e+19 -1.31318526628529858e+21
5.75985112627197815e-02 1.01696438442979308e+19 -1.30389487685644766e+21
5.76575575241985577e-02 1.00929275794089759e+19 -1.29462188468612943e+21
5.77166037856773340e-02 1.00167583260341166e+19 -1.28536685823951634e+21
5.77756500471561102e-02 9.94113498530798182e+18 -1.27613108094251486e+21
5.78346963086349003e-02 9.86605638357561549e+18 -1.26691580267636929e+21
5.78937425701136765e-02 9.79152127436265062e+18 -1.25772224014293978e+21
5.79527888315924528e-02 9.71752834032363315e+18 -1.24855157723451228e+21
5.80118350930712290e-02 9.64407619516793446e+18 -1.23940496540779335e+21
5.80708813545500052e-02 9.57116338556408627e+18 -1.23028352406185601e+21
5.81299276160287814e-02 9.49878840556545434e+18 -1.22118770413903754e+21
5.81889738775075577e-02 9.42694973584218112e+18 -1.21211793405095602e+21
5.82480201389863339e-02 9.35564580743318733e+18 -1.20307525245439417e+21
5.83070664004651101e-02 9.28487499095216947e+18 -1.19406066747693754e+21
5.83661126619438864e-02 9.21463559837797888e+18 -1.18507515711000805e+21
5.84251589234226626e-02 9.14492588482289357e+18 -1.17611966960430154e+21
5.84842051849014388e-02 9.07574405027684454e+18 -1.16719512386710772e+21
5.85432514463802289e-02 9.00708824132805734e+18 -1.15830240986131372e+21
5.86022977078590052e-02 8.93895656327302042e+18 -1.14944186036655476e+21
5.86613439693377814e-02 8.87134711284254106e+18 -1.14061378626989969e+21
5.87203902308165576e-02 8.80425794829091942e+18 -1.13181900251108907e+21
5.87794364922953338e-02 8.73768708056130867e+18 -1.12305829673075697e+21
5.88384827537741101e-02 8.67163247488543232e+18 -1.11433242967396214e+21
5.88975290152528863e-02 8.60609205236012749e+18 -1.10564213559412235e+21
5.89565752767316625e-02 8.54106369149946368e+18 -1.09698812265699541e+21
5.90156215382104388e-02 8.47654522976320205e+18 -1.08837107334456725e+21
5.90746677996892150e-02 8.41253447334139392e+18 -1.07979122440279687e+21
5.91337140611679912e-02 8.34902922336726426e+18 -1.07124879134940725e+21
5.91927603226467675e-02 8.28602725234430054e+18 -1.06274438758055136e+21
5.92518065841255437e-02 8.22352629726683238e+18 -1.05427860251537952e+21
5.93108528456043338e-02 8.16152406102424986e+18 -1.04585200199546739e+21
5.93698991070831100e-02 8.10001821378163405e+18 -1.03746512868303032e+21
5.94289453685618863e-02 8.03900640990863667e+18 -1.02911701969936450e+21
5.94879916300406625e-02 7.97848657906194842e+18 -1.02080048950175138e+21
5.95470378915194387e-02 7.91845689561381786e+18 -1.01251490291704280e+21
5.96060841529982149e-02 7.85891552095271526e+18 -1.00426074960680688e+21
5.96651304144769912e-02 7.79986057604487168e+18 -9.96038804355647144e+20
5.97241766759557674e-02 7.74129013695789978e+18 -9.87849813246809211e+20
5.97832229374345436e-02 7.68320223654190797e+18 -9.79694494140578136e+20
5.98422691989133199e-02 7.62559486608117965e+18 -9.71573537151857197e+20
5.99013154603920961e-02 7.56846597691883110e+18 -9.63487605126958547e+20
5.99603617218708723e-02 7.51181348205287117e+18 -9.55437334119137542e+20
6.00194079833496624e-02 7.45563526184198554e+18 -9.47423123512747885e+20
6.00784542448284387e-02 7.39992917800721715e+18 -9.39445345284287365e+20
6.01375005063072149e-02 7.34469306280539034e+18 -9.31504555768640569e+20
6.01965467677859911e-02 7.28992471637515878e+18 -9.23601286610131616e+20
6.02555930292647673e-02 7.23562190818122035e+18 -9.15736045224545092e+20
6.03146392907435436e-02 7.18178237843103846e+18 -9.07909315258546782e+20
6.03736855522223198e-02 7.12840383946521600e+18 -9.00121557046430269e+20
6.04327318137010960e-02 7.07548397712031949e+18 -8.92373208063838519e+20
6.04917780751798723e-02 7.02302045425562931e+18 -8.84664571848408957e+20
6.05508243366586485e-02 6.97101091875288064e+18 -8.76995925944726979e+20
6.06098705981374247e-02 6.91945299843204096e+18 -8.69367636107551310e+20
6.06689168596162010e-02 6.86834430013278310e+18 -8.61780047295392907e+20
6.07279631210949772e-02 6.81768241092955853e+18 -8.54233484102186303e+20
6.07870093825737673e-02 6.76746489932144026e+18 -8.46728251185076765e+20
6.08460556440525435e-02 6.71768931639683174e+18 -8.39264633688202019e+20
6.09051019055313198e-02 6.66835319697316147e+18 -8.31842897662319264e+20
6.09641481670100960e-02 6.61945406107371110e+18 -8.24463271702325887e+20
6.10231944284888722e-02 6.57098941629116826e+18 -8.17125959817464119e+20
6.10822406899676484e-02 6.52295675808789914e+18 -8.09831164034646802e+20
6.11412869514464247e-02 6.47535357050469376e+18 -8.02579069263801221e+20
6.12003332129252009e-02 6.42817732715966771e+18 -7.95369843689342239e+20
6.12593794744039771e-02 6.38142549222465331e+18 -7.88203639156965376e+20
6.13184257358827534e-02 6.33509552137856410e+18 -7.81080591555621421e+20
6.13774719973615296e-02 6.28918486273828659e+18 -7.74000821194610573e+20
6.14365182588403058e-02 6.24369095644515533e+18 -7.66964499841582629e+20
6.14955645203190959e-02 6.19861123183255552e+18 -7.59971776065083015e+20
6.15546107817978722e-02 6.15394311268208947e+18 -7.53022713413127111e+20
6.16136570432766484e-02 6.10968401942980198e+18 -7.46117361710922727e+20
6.16727033047554246e-02 6.06583136996651520e+18 -7.39255757406018863e+20
6.17317495662342008e-02 6.02238258041764147e+18 -7.32437923908277371e+20
6.17907958277129771e-02 5.97933506590273638e+18 -7.25663871924641071e+20
6.18498420891917533e-02 5.93668624127619584e+18 -7.18933599788808536e+20
6.19088883506705295e-02 5.89443351900723200e+18 -7.12247237487546860e+20
6.19679346121493058e-02 5.85257430165866189e+18 -7.05604893176864571e+20
6.20269808736280820e-02 5.81110599160489472e+18 -6.99006515185255186e+20
6.20860271351068582e-02 5.77002599458772582e+18 -6.92452041182199415e+20
6.21450733965856345e-02 5.72933172033662464e+18 -6.85941398473761620e+20
6.22041196580644107e-02 5.68902058317215437e+18 -6.79474504293021909e+20
6.22631659195432008e-02 5.64909000259241677e+18 -6.73051266085297979e+20
6.23222121810219770e-02 5.60953740384245965e+18 -6.66671581788120941e+20
6.23812584425007532e-02 5.57036021428860621e+18 -6.60335551710061265e+20
6.24403047039795295e-02 5.53155585175966208e+18 -6.54043255684041802e+20
6.24993509654583057e-02 5.49312173818956902e+18 -6.47794547856042230e+20
6.25583972269370819e-02 5.45505530385375130e+18 -6.41589400853193818e+20
6.26174434884158582e-02 5.41735388635131187e+18 -6.35431652581196562e+20
6.26764897498946344e-02 5.38001461207518618e+18 -6.29322921266882675e+20
6.27355360113734106e-02 5.34303459671451034e+18 -6.23262869107406012e+20
6.27945822728521869e-02 5.30641097599716147e+18 -6.17251155185584439e+20
6.28536285343309631e-02 5.27014090055220941e+18 -6.11287704971831804e+20
6.29126747958097393e-02 5.23422152050098790e+18 -6.05372428598307324e+20
6.29717210572885294e-02 5.19865000220439347e+18 -5.99504958355724567e+20
6.30307673187673057e-02 5.16342353379329741e+18 -5.93684924583647773e+20
6.30898135802460819e-02 5.12853932527990477e+18 -5.87911955811767353e+20
6.31488598417248581e-02 5.09399460866036838e+18 -5.82185678897143415e+20
6.32079061032036343e-02 5.05978663800959795e+18 -5.76505719157548646e+20
6.32669523646824106e-02 5.02591268956836762e+18 -5.70871700500940849e+20
6.33259986261611868e-02 4.99237005554632704e+18 -5.65283563604638826e+20
6.33850448876399630e-02 4.95915602575853363e+18 -5.59741234703985148e+20
6.34440911491187393e-02 4.92626790719452160e+18 -5.54244314705391714e+20
6.35031374105975155e-02 4.89370303042068173e+18 -5.48792404122240680e+20
6.35621836720762917e-02 4.86145874960088371e+18 -5.43385103175795278e+20
6.36212299335550679e-02 4.82953244251059507e+18 -5.38022011892619280e+20
6.36802761950338442e-02 4.79792151054561382e+18 -5.32702730198652486e+20
6.37393224565126343e-02 4.76662337872545178e+18 -5.27426858009980699e+20
6.37983687179914105e-02 4.73563548874054349e+18 -5.22194347606777463e+20
6.38574149794701867e-02 4.70495527849438515e+18 -5.17005137923063480e+20
6.39164612409489630e-02 4.67458020362892902e+18 -5.11858809505757659e+20
6.39755075024277392e-02 4.64450774452834202e+18 -5.06754943761927635e+20
6.40345537639065154e-02 4.61473540626604237e+18 -5.01693123023694922e+20
6.40936000253852917e-02 4.58526071854839859e+18 -4.96672930610328306e+20
6.41526462868640679e-02 4.55608123565450803e+18 -4.91693950887502479e+20
6.42116925483428441e-02 4.52719453637295360e+18 -4.86755769323837719e+20
6.42707388098216204e-02 4.49859821621699174e+18 -4.81858363794830000e+20
6.43297850713003966e-02 4.47028986461318605e+18 -4.77001699485404955e+20
6.43888313327791728e-02 4.44226708868833280e+18 -4.72185345056097436e+20
6.44478775942579629e-02 4.41452752098380493e+18 -4.67408871019782472e+20
6.45069238557367391e-02 4.38706881934486016e+18 -4.62671849775054782e+20
6.45659701172155154e-02 4.35988866680874445e+18 -4.57973855637384724e+20
6.46250163786942916e-02 4.33298477149048371e+18 -4.53314464867973726e+20
6.46840626401730678e-02 4.30635486646702899e+18 -4.48693255700402668e+20
6.47431089016518441e-02 4.27999670240865741e+18 -4.44110176034518270e+20
6.48021551631306203e-02 4.25390802606906368e+18 -4.39565163501299499e+20
6.48612014246093965e-02 4.22808660254516275e+18 -4.35057784327855407e+20
6.49202476860881728e-02 4.20253022247153664e+18 -4.30587607285342798e+20
6.49792939475669490e-02 4.17723670186995149e+18 -4.26154203696508830e+20
6.50383402090457252e-02 4.15220388199833549e+18 -4.21757147441437344e+20
6.50973864705245014e-02 4.12742962920000461e+18 -4.17396014961602462e+20
6.51564327320032777e-02 4.10291183475194778e+18 -4.13070385262135804e+20
6.52154789934820678e-02 4.07864840440173670e+18 -4.08780362818796323e+20
6.52745252549608440e-02 4.05463722776118579e+18 -4.04526038423933682e+20
6.53335715164396202e-02 4.03087620991703757e+18 -4.00306974888301363e+20
6.53926177779183965e-02 4.00736328167576832e+18 -3.96122738219862327e+20
6.54516640393971727e-02 3.98409639937566106e+18 -3.91972897606983287e+20
6.55107103008759489e-02 3.96107354469932134e+18 -3.87857025400319967e+20
6.55697565623547252e-02 3.93829272448743117e+18 -3.83774697093489754e+20
6.56288028238335014e-02 3.91575197055407872e+18 -3.79725491302588482e+20
6.56878490853122776e-02 3.89344933950267443e+18 -3.75708989744472261e+20
6.57468953467910538e-02 3.87138291254385818e+18 -3.71724777213953507e+20
6.58059416082698301e-02 3.84955079531419238e+18 -3.67772441559822631e+20
6.58649878697486063e-02 3.82795111769670144e+18 -3.63851573659804959e+20
6.59240341312273964e-02 3.80658203364280576e+18 -3.59961767394432451e+20
6.59830803927061726e-02 3.78544172099565261e+18 -3.56102619619843703e+20
6.60421266541849489e-02 3.76452838131559629e+18 -3.52273730139600519e+20
6.61011729156637251e-02 3.74384023970658150e+18 -3.48474701675422745e+20
