# N_deuterium( psi ) IN geq'S OWN GAUGE -- phi_0 pinned at one global
# point, psi_n = 0.5 on the midplane. NOT what meq::Species wants.
# Present so the comparison can assert that using it is WRONG.
#
#    psi            f( psi )        f'( psi )
5.63780116139572449e-03 5.02076932583514829e+18 2.02088396677744427e+20
5.69684742287450158e-03 5.03279350393933926e+18 2.05192500134730400e+20
5.75589368435327955e-03 5.04500114406752973e+18 2.08302608966383632e+20
5.81493994583205664e-03 5.05739260666313318e+18 2.11418920958051189e+20
5.87398620731083374e-03 5.06996826379332198e+18 2.14541632051188990e+20
5.93303246878961084e-03 5.08272849904091750e+18 2.17670936358272991e+20
5.99207873026838880e-03 5.09567370739659981e+18 2.20807026176909443e+20
6.05112499174716590e-03 5.10880429515247104e+18 2.23950092003195322e+20
6.11017125322594300e-03 5.12212067979555021e+18 2.27100322544278176e+20
6.16921751470472096e-03 5.13562328990307942e+18 2.30257904730205356e+20
6.22826377618349806e-03 5.14931256503736934e+18 2.33423023724972605e+20
6.28731003766227516e-03 5.16318895564227686e+18 2.36595862936870748e+20
6.34635629914105225e-03 5.17725292293948518e+18 2.39776604028059976e+20
6.40540256061983022e-03 5.19150493882600448e+18 2.42965426923441750e+20
6.46444882209860731e-03 5.20594548577150259e+18 2.46162509818773406e+20
6.52349508357738441e-03 5.22057505671660954e+18 2.49368029188085383e+20
6.58254134505616151e-03 5.23539415497146368e+18 2.52582159790374715e+20
6.64158760653493947e-03 5.25040329411446784e+18 2.55805074675581551e+20
6.70063386801371657e-03 5.26560299789184410e+18 2.59036945189881840e+20
6.75968012949249367e-03 5.28099380011678720e+18 2.62277940980247167e+20
6.81872639097127163e-03 5.29657624456952218e+18 2.65528229998340669e+20
6.87777265245004873e-03 5.31235088489725440e+18 2.68787978503707787e+20
6.93681891392882582e-03 5.32831828451434189e+18 2.72057351066282590e+20
6.99586517540760379e-03 5.34447901650239488e+18 2.75336510568202666e+20
7.05491143688638089e-03 5.36083366351080141e+18 2.78625618204962816e+20
7.11395769836515798e-03 5.37738281765743104e+18 2.81924833485903364e+20
7.17300395984393508e-03 5.39412708042845184e+18 2.85234314233980944e+20
7.23205022132271218e-03 5.41106706257939046e+18 2.88554216584940487e+20
7.29109648280149014e-03 5.42820343672769843e+18 2.91888257507341304e+20
7.35014274428026724e-03 5.44553734213074022e+18 2.95245319215223341e+20
7.40918900575904434e-03 5.46307016825264845e+18 2.98626102461908582e+20
7.46823526723782230e-03 5.48080332514233651e+18 3.02030925476565746e+20
7.52728152871659940e-03 5.49873824172640256e+18 3.05460109474796995e+20
7.58632779019537649e-03 5.51687636598788710e+18 3.08913978703816032e+20
7.64537405167415446e-03 5.53521916514565018e+18 3.12392860488000864e+20
7.70442031315293156e-03 5.55376812583800934e+18 3.15897085275030684e+20
7.76346657463170865e-03 5.57252475430809907e+18 3.19426986682470564e+20
7.82251283611048662e-03 5.59149057659298509e+18 3.22982901544927298e+20
7.88155909758926285e-03 5.61066713871442739e+18 3.26565169961660776e+20
7.94060535906804081e-03 5.63005600687362150e+18 3.30174135344793059e+20
7.99965162054681878e-03 5.64965876764772762e+18 3.33810144467995394e+20
8.05869788202559501e-03 5.66947702819000832e+18 3.37473547515764146e+20
8.11774414350437297e-03 5.68951241643305779e+18 3.41164698133264597e+20
8.17679040498315093e-03 5.70976658129397862e+18 3.44883953476682187e+20
8.23583666646192716e-03 5.73024119288368333e+18 3.48631674264214700e+20
8.29488292794070513e-03 5.75093794271849062e+18 3.52408224827606172e+20
8.35392918941948309e-03 5.77185854393527706e+18 3.56213973164305744e+20
8.41297545089825932e-03 5.79300473150898074e+18 3.60049290990182269e+20
8.47202171237703729e-03 5.81437825145786368e+18 3.63913381989460869e+20
8.53106797385581525e-03 5.83598058918544998e+18 3.67798880142347862e+20
8.59011423533459148e-03 5.85781294760573850e+18 3.71704622630755959e+20
8.64916049681336944e-03 5.87987652881039360e+18 3.75630837709267403e+20
8.70820675829214567e-03 5.90217254836414874e+18 3.79577753465831752e+20
8.76725301977092364e-03 5.92470223529433395e+18 3.83545597822830379e+20
8.82629928124969987e-03 5.94746683208167014e+18 3.87534598537745269e+20
8.88534554272847783e-03 5.97046759464994509e+18 3.91544983203279208e+20
8.94439180420725580e-03 5.99370579235670118e+18 3.95576979247064678e+20
9.00343806568603203e-03 6.01718270798329754e+18 3.99630813930857824e+20
9.06248432716480999e-03 6.04089963772516454e+18 4.03706714349268959e+20
9.12153058864358796e-03 6.06485789118188954e+18 4.07804907428007248e+20
9.18057685012236419e-03 6.08905879134704538e+18 4.11925619921633083e+20
9.23962311160114215e-03 6.11350367459809792e+18 4.16069078410842276e+20
9.29866937307992011e-03 6.13819389068604109e+18 4.20235509299255509e+20
9.35771563455869634e-03 6.16313080272501862e+18 4.24425138809734955e+20
9.41676189603747431e-03 6.18831578718108262e+18 4.28638192980165067e+20
9.47580815751625227e-03 6.21375023386149274e+18 4.32874897658796966e+20
9.53485441899502850e-03 6.23943554590345421e+18 4.37135478499080667e+20
9.59390068047380647e-03 6.26537313976192102e+18 4.41420160953954009e+20
9.65294694195258443e-03 6.29156444519837696e+18 4.45729170269728408e+20
9.71199320343136066e-03 6.31801090526754509e+18 4.50062731479351951e+20
9.77103946491013862e-03 6.34471396283257242e+18 4.54420067754988536e+20
9.83008572638891659e-03 6.37167492603588506e+18 4.58798303409558585e+20
9.88913198786769282e-03 6.39889502213396275e+18 4.63197376376301158e+20
9.94817824934647078e-03 6.42637548588331315e+18 4.67617435052435702e+20
1.00072245108252487e-02 6.45411756074284749e+18 4.72058625798406799e+20
1.00662707723040250e-02 6.48212249875240141e+18 4.76521092909206995e+20
1.01253170337828012e-02 6.51039156041046630e+18 4.81004978584992219e+20
1.01843632952615809e-02 6.53892601454910157e+18 4.85510422900842103e+20
1.02434095567403571e-02 6.56772713820796621e+18 4.90037563775815647e+20
1.03024558182191334e-02 6.59679621650588877e+18 4.94586536941181272e+20
1.03615020796979113e-02 6.62613454251050086e+18 4.99157475907871113e+20
1.04205483411766893e-02 6.65574341710662042e+18 5.03750511933207413e+20
1.04795946026554655e-02 6.68562414886199910e+18 5.08365773986803810e+20
1.05386408641342435e-02 6.71577805389087846e+18 5.13003388715676598e+20
1.05976871256130215e-02 6.74620645571632742e+18 5.17663480408645108e+20
1.06567333870917977e-02 6.77691068512964096e+18 5.22346170959889433e+20
1.07157796485705756e-02 6.80789208004780339e+18 5.27051579831749771e+20
1.07748259100493536e-02 6.83915198536902042e+18 5.31779824016769221e+20
1.08338721715281298e-02 6.87069175282545766e+18 5.36531017998915994e+20
1.08929184330069078e-02 6.90251274083429376e+18 5.41305273714077270e+20
1.09519646944856858e-02 6.93461631434554266e+18 5.46102700509704880e+20
1.10110109559644620e-02 6.96700384468869120e+18 5.50923405103778497e+20
1.10700572174432400e-02 6.99967670941582029e+18 5.55767491542907224e+20
1.11291034789220179e-02 7.03263628965335757e+18 5.60634727039372165e+20
1.11881497404007942e-02 7.06588386174173286e+18 5.65521757061218566e+20
1.12471960018795721e-02 7.09942055288333926e+18 5.70427695044054155e+20
1.13062422633583501e-02 7.13324747960403046e+18 5.75352542941123707e+20
1.13652885248371263e-02 7.16736575840243610e+18 5.80296297869924237e+20
1.14243347863159043e-02 7.20177650546235699e+18 5.85258952048888775e+20
1.14833810477946822e-02 7.23648083636236800e+18 5.90240492733332128e+20
1.15424273092734585e-02 7.27147986578029773e+18 5.95240902150475874e+20
1.16014735707522347e-02 7.30677470719428813e+18 6.00260157433710903e+20
1.16605198322310144e-02 7.34236647258043290e+18 6.05298230556108390e+20
1.17195660937097906e-02 7.37825627210577715e+18 6.10355088263096173e+20
1.17786123551885669e-02 7.41444521381795635e+18 6.15430692004418159e+20
1.18376586166673466e-02 7.45093440333032141e+18 6.20524997865301213e+20
1.18967048781461228e-02 7.48772494350318797e+18 6.25637956496891314e+20
1.19557511396248990e-02 7.52481793412057805e+18 6.30769513045928575e+20
1.20147974011036770e-02 7.56221447156359885e+18 6.35919607083769004e+20
1.20738436625824549e-02 7.59991564847895654e+18 6.41088172534646440e+20
1.21328899240612312e-02 7.63792255344316928e+18 6.46275137603234693e+20
1.21919361855400091e-02 7.67623627062285414e+18 6.51480424701565075e+20
1.22509824470187871e-02 7.71485787943078912e+18 6.56703950375285424e+20
1.23100287084975633e-02 7.75378845417662566e+18 6.61945625229187088e+20
1.23690749699763413e-02 7.79302906371465318e+18 6.67205353852219818e+20
1.24281212314551193e-02 7.83258077108597453e+18 6.72483034741792440e+20
1.24871674929338955e-02 7.87244463315646054e+18 6.77778560227487384e+20
1.25462137544126735e-02 7.91262170025063014e+18 6.83091816394230989e+20
1.26052600158914514e-02 7.95311301186482381e+18 6.88422334204572336e+20
1.26643062773702277e-02 7.99391953388348006e+18 6.93768374692919378e+20
1.27233525388490056e-02 8.03504216775913677e+18 6.99129564678909460e+20
1.27823988003277836e-02 8.07648180258908774e+18 7.04505719210227925e+20
1.28414450618065598e-02 8.11823931632933069e+18 7.09896645838301037e+20
1.29004913232853378e-02 8.16031557534891827e+18 7.15302144533284913e+20
1.29595375847641157e-02 8.20271143398008525e+18 7.20722007598770946e+20
1.30185838462428920e-02 8.24542773406280602e+18 7.26156019586115568e+20
1.30776301077216682e-02 8.28846530448457216e+18 7.31603957208499356e+20
1.31366763692004479e-02 8.33182496071539405e+18 7.37065589254739067e+20
1.31957226306792241e-02 8.37550750433668915e+18 7.42540676502768189e+20
1.32547688921580004e-02 8.41951372256624845e+18 7.48028971633010803e+20
1.33138151536367801e-02 8.46384438777730355e+18 7.53530219141502861e+20
1.33728614151155563e-02 8.50850025701312717e+18 7.59044155252923040e+20
1.34319076765943325e-02 8.55348207149491814e+18 7.64570507833360646e+20
1.34909539380731105e-02 8.59879055612732109e+18 7.70108996303249474e+20
1.35500001995518884e-02 8.64442641899570176e+18 7.75659331549964141e+20
1.36090464610306647e-02 8.69039035086064742e+18 7.81221215840615530e+20
1.36680927225094426e-02 8.73668302464602214e+18 7.86794342734741504e+20
1.37271389839882206e-02 8.78330509492212019e+18 7.92378396997068521e+20
1.37861852454669968e-02 8.83025719738435174e+18 7.97973054510424523e+20
1.38452315069457748e-02 8.87753994832560538e+18 8.03577982188663734e+20
1.39042777684245528e-02 8.92515394410441318e+18 8.09192837889838023e+20
1.39633240299033290e-02 8.97309976060755046e+18 8.14817270329526583e+20
1.40223702913821070e-02 9.02137795270759219e+18 8.20450918994408636e+20
1.40814165528608849e-02 9.06998905371614310e+18 8.26093414056185823e+20
1.41404628143396612e-02 9.11893357495245824e+18 8.31744399353213616e+20
1.41995090758184391e-02 9.16821201738735616e+18 8.37403930685675274e+20
1.42585553372972171e-02 9.21782488179511501e+18 8.43071790768476520e+20
1.43176015987759933e-02 9.26777264837338317e+18 8.48747585660020589e+20
1.43766478602547713e-02 9.31805577377895219e+18 8.54430911911364919e+20
1.44356941217335475e-02 9.36867469056372736e+18 8.60121356483142615e+20
1.44947403832123255e-02 9.41962980660568269e+18 8.65818496662987735e+20
1.45537866446911034e-02 9.47092150453601075e+18 8.71521899983619359e+20
1.46128329061698797e-02 9.52255014116026368e+18 8.77231124141424116e+20
1.46718791676486576e-02 9.57451604687495578e+18 8.82945716915708101e+20
1.47309254291274356e-02 9.62681952508011930e+18 8.88665216088716345e+20
1.47899716906062118e-02 9.67946085158665626e+18 8.94389149366349070e+20
1.48490179520849898e-02 9.73244027401823232e+18 9.00117034299594506e+20
1.49080642135637677e-02 9.78575801121067827e+18 9.05848378207004393e+20
1.49671104750425440e-02 9.83941425260442829e+18 9.11582678097834279e+20
1.50261567365213219e-02 9.89340915763416474e+18 9.17319420596283769e+20
1.50852029980000982e-02 9.94774285511293338e+18 9.23058081866633052e+20
1.51442492594788761e-02 1.00024154426129592e+19 9.28798127539518964e+20
1.52032955209576541e-02 1.00574269858411110e+19 9.34539012639221350e+20
1.52623417824364303e-02 1.01127775180101489e+19 9.40280181512094351e+20
1.53213880439152083e-02 1.01684670392070902e+19 9.46021067756332384e+20
1.53804343053939863e-02 1.02244955157559460e+19 9.51761094152851948e+20
1.54394805668727625e-02 1.02808628795770737e+19 9.57499672597549285e+20
1.54985268283515405e-02 1.03375690275420447e+19 9.63236204034884764e+20
1.55575730898303184e-02 1.03946138208259543e+19 9.68970078393019007e+20
1.56166193513090946e-02 1.04519970842545684e+19 9.74700674520307991e+20
1.56756656127878743e-02 1.05097186056485519e+19 9.80427360123420410e+20
1.57347118742666506e-02 1.05677781351629926e+19 9.86149491706955956e+20
1.57937581357454268e-02 1.06261753890274181e+19 9.91866874844471886e+20
1.58528043972242030e-02 1.06849101532423434e+19 9.97581794246133154e+20
1.59118506587029793e-02 1.07439822898911539e+19 1.00329416910282372e+21
1.59708969201817590e-02 1.08033916310378148e+19 1.00900339850227024e+21
1.60299431816605387e-02 1.08631379729617879e+19 1.01470887128499880e+21
1.60889894431393149e-02 1.09232210755524157e+19 1.02040996599202710e+21
1.61480357046180911e-02 1.09836406616987300e+19 1.02610605081394178e+21
1.62070819660968674e-02 1.10443964166768251e+19 1.03179648354160083e+21
1.62661282275756436e-02 1.11054879875350098e+19 1.03748061151852980e+21
1.63251744890544233e-02 1.11669149824747807e+19 1.04315777159486977e+21
1.63842207505332030e-02 1.12286769702299812e+19 1.04882729008313978e+21
1.64432670120119792e-02 1.12907734794441380e+19 1.05448848271586610e+21
1.65023132734907554e-02 1.13532039980435825e+19 1.06014065460488634e+21
1.65613595349695317e-02 1.14159679726095831e+19 1.06578310020268858e+21
1.66204057964483079e-02 1.14790648077481800e+19 1.07141510326569717e+21
1.66794520579270876e-02 1.15424938654568673e+19 1.07703593681947997e+21
1.67384983194058638e-02 1.16062544644907233e+19 1.08264486312615635e+21
1.67975445808846435e-02 1.16703458797253878e+19 1.08824113365381467e+21
1.68565908423634198e-02 1.17347673415194460e+19 1.09382398904822661e+21
1.69156371038421960e-02 1.17995180350737121e+19 1.09939265910665930e+21
1.69746833653209722e-02 1.18645970997912945e+19 1.10494636275420889e+21
1.70337296267997519e-02 1.19300036286335590e+19 1.11048430802222920e+21
1.70927758882785281e-02 1.19957366674774118e+19 1.11600569202942634e+21
1.71518221497573078e-02 1.20617952144696955e+19 1.12150970096525299e+21
1.72108684112360841e-02 1.21281782193824522e+19 1.12699551007601734e+21
1.72699146727148603e-02 1.21948845829647913e+19 1.13246228365334400e+21
1.73289609341936365e-02 1.22619131562971566e+19 1.13790917502557775e+21
1.73880071956724128e-02 1.23292627401436385e+19 1.14333532655176896e+21
1.74470534571511925e-02 1.23969320843038126e+19 1.14873986961842936e+21
1.75060997186299722e-02 1.24649198877783306e+19 1.15412210439771102e+21
1.75651459801087484e-02 1.25332249190381588e+19 1.15948577485188760e+21
1.76241922415875246e-02 1.26018461473918915e+19 1.16483212610430304e+21
1.76832385030663009e-02 1.26707825277762028e+19 1.17016039687700716e+21
1.77422847645450771e-02 1.27400329699031552e+19 1.17546981664447975e+21
1.78013310260238568e-02 1.28095963377155789e+19 1.18075960563326884e+21
1.78603772875026365e-02 1.28794714488404214e+19 1.18602897482367894e+21
1.79194235489814127e-02 1.29496570740434493e+19 1.19127712595386119e+21
1.79784698104601889e-02 1.30201519366832558e+19 1.19650325152613951e+21
1.80375160719389652e-02 1.30909547121654170e+19 1.20170653481569092e+21
1.80965623334177414e-02 1.31620640274002166e+19 1.20688614988192888e+21
1.81556085948965211e-02 1.32334784602561720e+19 1.21204126158189494e+21
1.82146548563752973e-02 1.33051965390195692e+19 1.21717102558664406e+21
1.82737011178540770e-02 1.33772167418504438e+19 1.22227458839976870e+21
1.83327473793328533e-02 1.34495374962436792e+19 1.22735108737889075e+21
1.83917936408116295e-02 1.35221571784887337e+19 1.23239965075955856e+21
1.84508399022904057e-02 1.35950741131318723e+19 1.23741939768193502e+21
1.85098861637691854e-02 1.36682865724399780e+19 1.24240943822022299e+21
1.85689324252479616e-02 1.37417927758663660e+19 1.24736887341489979e+21
1.86279786867267413e-02 1.38155908895184015e+19 1.25229679530776619e+21
1.86870249482055176e-02 1.38896790256273695e+19 1.25719228697989271e+21
1.87460712096842938e-02 1.39640552420197786e+19 1.26205442259240328e+21
1.88051174711630700e-02 1.40387175415927296e+19 1.26688226743038247e+21
1.88641637326418497e-02 1.41136638717915054e+19 1.27167487794975212e+21
1.89232099941206260e-02 1.41888921240886866e+19 1.27643130182709307e+21
1.89822562555994057e-02 1.42644001334679265e+19 1.28115057801271889e+21
1.90413025170781819e-02 1.43401856779101307e+19 1.28583173678683338e+21
1.91003487785569581e-02 1.44162464778836623e+19 1.29047379981893055e+21
1.91593950400357343e-02 1.44925801958373437e+19 1.29507578023037370e+21
1.92184413015145106e-02 1.45691844356976497e+19 1.29963668266028630e+21
1.92774875629932903e-02 1.46460567423696712e+19 1.30415550333475697e+21
1.93365338244720700e-02 1.47231946129972961e+19 1.30863239576886890e+21
1.93955800859508462e-02 1.48005957410799309e+19 1.31307305869655173e+21
1.94546263474296224e-02 1.48782580142658458e+19 1.31747769573356706e+21
1.95136726089083987e-02 1.49561792803605012e+19 1.32184545898083412e+21
1.95727188703871749e-02 1.50343573369116201e+19 1.32617549404015165e+21
1.96317651318659546e-02 1.51127899308276756e+19 1.33046694007295574e+21
1.96908113933447308e-02 1.51914747579993108e+19 1.33471892986144594e+21
1.97498576548235105e-02 1.52704094629242081e+19 1.33893058987213403e+21
1.98089039163022868e-02 1.53495916383362150e+19 1.34310104032190110e+21
1.98679501777810630e-02 1.54290188248388792e+19 1.34722939524659361e+21
1.99269964392598392e-02 1.55086885105418117e+19 1.35131476257202504e+21
1.99860427007386189e-02 1.55885981307023892e+19 1.35535624418761952e+21
2.00450889622173951e-02 1.56687450673716900e+19 1.35935293602261421e+21
2.01041352236961748e-02 1.57491266490447565e+19 1.36330392812482934e+21
2.01631814851749511e-02 1.58297401503154934e+19 1.36720830474205895e+21
2.02222277466537273e-02 1.59105827915374490e+19 1.37106514440618561e+21
2.02812740081325035e-02 1.59916517384876237e+19 1.37487352001979115e+21
2.03403202696112832e-02 1.60729441020379443e+19 1.37863249894566946e+21
2.03993665310900595e-02 1.61544569378293944e+19 1.38234114309881751e+21
2.04584127925688392e-02 1.62361872459555246e+19 1.38599850904149059e+21
2.05174590540476154e-02 1.63181319706466304e+19 1.38960364808058490e+21
2.05765053155263916e-02 1.64002879999637627e+19 1.39315560636813305e+21
2.06355515770051678e-02 1.64826521654969283e+19 1.39665342500444465e+21
2.06945978384839441e-02 1.65652212420710810e+19 1.40009614014419331e+21
2.07536440999627238e-02 1.66479919474555556e+19 1.40348278310509399e+21
2.08126903614415035e-02 1.67309609420823183e+19 1.40681238047963034e+21
2.08717366229202797e-02 1.68141248287713976e+19 1.41008395424969156e+21
2.09307828843990559e-02 1.68974801524607959e+19 1.41329652190389784e+21
2.09898291458778322e-02 1.69810233999455478e+19 1.41644909655800755e+21
2.10488754073566084e-02 1.70647509996220723e+19 1.41954068707808720e+21
2.11079216688353881e-02 1.71486593212423844e+19 1.42257029820682365e+21
2.11669679303141643e-02 1.72327446756732293e+19 1.42553693069256635e+21
2.12260141917929440e-02 1.73170033186187571e+19 1.42844016238325242e+21
2.12850604532717202e-02 1.74014316645542994e+19 1.43128609294083503e+21
2.13441067147504965e-02 1.74860264010400440e+19 1.43407596390024872e+21
2.14031529762292762e-02 1.75707841936712172e+19 1.43680895193559387e+21
2.14621992377080524e-02 1.76557016593560883e+19 1.43948423127800034e+21
2.15212454991868286e-02 1.77407753661754388e+19 1.44210097382018908e+21
2.15802917606656049e-02 1.78260018332462244e+19 1.44465834922282503e+21
2.16393380221443846e-02 1.79113775305942467e+19 1.44715552502304368e+21
2.16983842836231608e-02 1.79968988790315028e+19 1.44959166674479612e+21
2.17574305451019370e-02 1.80825622500399821e+19 1.45196593801114419e+21
2.18164768065807167e-02 1.81683639656641987e+19 1.45427750065869187e+21
2.18755230680594930e-02 1.82543002984079831e+19 1.45652551485377295e+21
2.19345693295382692e-02 1.83403674711399793e+19 1.45870913921075538e+21
2.19936155910170489e-02 1.84265616570046321e+19 1.46082753091218676e+21
2.20526618524958251e-02 1.85128789793429504e+19 1.46287984583112131e+21
2.21117081139746013e-02 1.85993155116167373e+19 1.46486523865510707e+21
2.21707543754533810e-02 1.86858672773441413e+19 1.46678286301245709e+21
2.22298006369321573e-02 1.87725302500398490e+19 1.46863187160025268e+21
2.22888468984109335e-02 1.88593003531637719e+19 1.47041141631438501e+21
2.23478931598897132e-02 1.89461734600785633e+19 1.47212064838163576e+21
2.24069394213684894e-02 1.90331453940135363e+19 1.47375871849359999e+21
2.24659856828472657e-02 1.91202119280366469e+19 1.47532477694257188e+21
2.25250319443260454e-02 1.92073687850356695e+19 1.47681797375945553e+21
2.25840782058048216e-02 1.92946116377064407e+19 1.47823745885353463e+21
2.26431244672835978e-02 1.93819361085501604e+19 1.47958238215422974e+21
2.27021707287623775e-02 1.94693377698788065e+19 1.48085189375475817e+21
2.27612169902411537e-02 1.95568121438282424e+19 1.48204514405764851e+21
2.28202632517199300e-02 1.96443547023828009e+19 1.48316128392238282e+21
2.28793095131987097e-02 1.97319608674039972e+19 1.48419946481458060e+21
2.29383557746774859e-02 1.98196260106730168e+19 1.48515883895745701e+21
2.29974020361562621e-02 1.99073454539389911e+19 1.48603855948490657e+21
2.30564482976350384e-02 1.99951144689773240e+19 1.48683778059653900e+21
2.31154945591138181e-02 2.00829282776579604e+19 1.48755565771461965e+21
2.31745408205925943e-02 2.01707820520203919e+19 1.48819134764266606e+21
2.32335870820713705e-02 2.02586709520167772e+19 1.48874658965175534e+21
2.32926333435501502e-02 2.03465904266369761e+19 1.48922710753746485e+21
2.33516796050289265e-02 2.04345360604834284e+19 1.48963253593463482e+21
2.34107258665077027e-02 2.05225033999134884e+19 1.48996220151861635e+21
2.34697721279864824e-02 2.06104879515919442e+19 1.49021543320279817e+21
2.35288183894652586e-02 2.06984851826282947e+19 1.49039156226297456e+21
2.35878646509440348e-02 2.07864905207190446e+19 1.49048992246257156e+21
2.36469109124228145e-02 2.08744993542978847e+19 1.49050985017890046e+21
2.37059571739015908e-02 2.09625070326953984e+19 1.49045068453056217e+21
2.37650034353803670e-02 2.10505088663024886e+19 1.49031176750553996e+21
2.38240496968591467e-02 2.11385001267455427e+19 1.49009244409055779e+21
2.38830959583379229e-02 2.12264760470670500e+19 1.48979206240121782e+21
2.39421422198166992e-02 2.13144318219124081e+19 1.48940997381295833e+21
2.40011884812954789e-02 2.14023626077285376e+19 1.48894553309320315e+21
2.40602347427742551e-02 2.14902635229670564e+19 1.48839809853417298e+21
2.41192810042530313e-02 2.15781296482969477e+19 1.48776703208667952e+21
2.41783272657318110e-02 2.16659560268231721e+19 1.48705169949463491e+21
2.42373735272105872e-02 2.17537376643161743e+19 1.48625147043059807e+21
2.42964197886893635e-02 2.18414695294472561e+19 1.48536571863198283e+21
2.43554660501681432e-02 2.19291465540320092e+19 1.48439382203805598e+21
2.44145123116469194e-02 2.20167636332837233e+19 1.48333516292783866e+21
2.44735585731256956e-02 2.21043156260734239e+19 1.48218912805864971e+21
2.45326048346044719e-02 2.21917973551969894e+19 1.48095510880530045e+21
2.45916510960832516e-02 2.22792036076542771e+19 1.47963250130025002e+21
2.46506973575620278e-02 2.23665291349315215e+19 1.47822070657410689e+21
2.47097436190408040e-02 2.24537686532977295e+19 1.47671913069716937e+21
2.47687898805195837e-02 2.25409168441037373e+19 1.47512718492121511e+21
2.48278361419983599e-02 2.26279683540934861e+19 1.47344428582216611e+21
2.48868824034771362e-02 2.27149177957234115e+19 1.47166985544331008e+21
2.49459286649559159e-02 2.28017597474880635e+19 1.46980332143893676e+21
2.50049749264346921e-02 2.28884887542564946e+19 1.46784411721865966e+21
2.50640211879134683e-02 2.29750993276163482e+19 1.46579168209218935e+21
2.51230674493922480e-02 2.30615859462253773e+19 1.46364546141452160e+21
2.51821137108710243e-02 2.31479430561756529e+19 1.46140490673183759e+21
2.52411599723498005e-02 2.32341650713596682e+19 1.45906947592740196e+21
2.53002062338285802e-02 2.33202464026684047e+19 1.45664068636472666e+21
2.53592524953073564e-02 2.34061817146135306e+19 1.45412374297478719e+21
2.54182987567861327e-02 2.34919658076280381e+19 1.45151857029091321e+21
2.54773450182649124e-02 2.35775934603333509e+19 1.44882477075857618e+21
2.55363912797436886e-02 2.36630594280675410e+19 1.44604195330258213e+21
2.55954375412224648e-02 2.37483584432708116e+19 1.44316973343678189e+21
2.56544838027012445e-02 2.38334852158786109e+19 1.44020773337375965e+21
2.57135300641800207e-02 2.39184344337201111e+19 1.43715558213435208e+21
2.57725763256587970e-02 2.40032007629220291e+19 1.43401291565695736e+21
2.58316225871375767e-02 2.40877788483229041e+19 1.43077937690693678e+21
2.58906688486163529e-02 2.41721633138893332e+19 1.42745461598556101e+21
2.59497151100951291e-02 2.42563487631403704e+19 1.42403829023885885e+21
2.60087613715739088e-02 2.43403297795805798e+19 1.42053006436636741e+21
2.60678076330526851e-02 2.44241009271348306e+19 1.41692961052935324e+21
2.61268538945314613e-02 2.45076567505938186e+19 1.41323660845901545e+21
2.61859001560102375e-02 2.45909917760638853e+19 1.40945074556425680e+21
2.62449464174890172e-02 2.46741005114228204e+19 1.40557171703911259e+21
2.63039926789677934e-02 2.47569774467832381e+19 1.40159922596989501e+21
2.63630389404465697e-02 2.48396170549633270e+19 1.39753298344202129e+21
2.64220852019253494e-02 2.49220137919579054e+19 1.39337270864609385e+21
2.64811314634041256e-02 2.50041620974250639e+19 1.38911812898408707e+21
2.65401777248829018e-02 2.50860563951716557e+19 1.38476898017465126e+21
2.65992239863616815e-02 2.51676910936476672e+19 1.38032500635809166e+21
2.66582702478404578e-02 2.52490605864465408e+19 1.37578596020082731e+21
2.67173165093192340e-02 2.53301592528116900e+19 1.37115160299931435e+21
2.67763627707980137e-02 2.54109814581491343e+19 1.36642170478341076e+21
2.68354090322767899e-02 2.54915215545485394e+19 1.36159604441927988e+21
2.68944552937555661e-02 2.55717738813024092e+19 1.35667440971124887e+21
2.69535015552343458e-02 2.56517327654435226e+19 1.35165659750369093e+21
2.70125478167131221e-02 2.57313925222755451e+19 1.34654241378154657e+21
2.70715940781918983e-02 2.58107474559206113e+19 1.34133167377074487e+21
2.71306403396706780e-02 2.58897918598655427e+19 1.33602420203750792e+21
2.71896866011494542e-02 2.59685200175160771e+19 1.33061983258702722e+21
2.72487328626282305e-02 2.60469262027582259e+19 1.32511840896142724e+21
2.73077791241070102e-02 2.61250046805229527e+19 1.31951978433679852e+21
2.73668253855857864e-02 2.62027497073595269e+19 1.31382382161954944e+21
2.74258716470645626e-02 2.62801555332612342e+19 1.30803062484611157e+21
2.74849179085433423e-02 2.63572165213580780e+19 1.30214438595799705e+21
2.75439641700221186e-02 2.64339272487287685e+19 1.29616667713308197e+21
2.76030104315008948e-02 2.65102823135873147e+19 1.29009747187129516e+21
2.76620566929796710e-02 2.65862763128583373e+19 1.28393675300992634e+21
2.77211029544584507e-02 2.66619038427303240e+19 1.27768451278819007e+21
2.77801492159372269e-02 2.67371594992130417e+19 1.27134075291076343e+21
2.78391954774160032e-02 2.68120378786975130e+19 1.26490548461020276e+21
2.78982417388947829e-02 2.68865335785204326e+19 1.25837872870831843e+21
2.79572880003735591e-02 2.69606411975332987e+19 1.25176051567649725e+21
2.80163342618523353e-02 2.70343553366722028e+19 1.24505088569476330e+21
2.80753805233311150e-02 2.71076705995355259e+19 1.23824988870990574e+21
2.81344267848098913e-02 2.71805815929588204e+19 1.23135758449214960e+21
2.81934730462886675e-02 2.72530829275986289e+19 1.22437404269090780e+21
2.82525193077674472e-02 2.73251692185178112e+19 1.21729934288924076e+21
2.83115655692462234e-02 2.73968350857717268e+19 1.21013357465699326e+21
2.83706118307249996e-02 2.74680751550017905e+19 1.20287683760287357e+21
2.84296580922037793e-02 2.75388840580276019e+19 1.19552924142507419e+21
2.84887043536825556e-02 2.76092564334456996e+19 1.18809090596076965e+21
2.85477506151613318e-02 2.76791869272292762e+19 1.18056196123422674e+21
2.86067968766401115e-02 2.77486701933299016e+19 1.17294254750356065e+21
2.86658431381188877e-02 2.78177008942856929e+19 1.16523281530630898e+21
2.87248893995976640e-02 2.78862737018256548e+19 1.15743292550337017e+21
2.87839356610764437e-02 2.79543832974856233e+19 1.14954304932194537e+21
2.88429819225552199e-02 2.80220243732168335e+19 1.14156336839666958e+21
2.89020281840339961e-02 2.80891916320046285e+19 1.13349407480964750e+21
2.89610744455127758e-02 2.81558797884844564e+19 1.12533537112885087e+21
2.90201207069915521e-02 2.82220835695643484e+19 1.11708747044523619e+21
2.90791669684703283e-02 2.82877977150452982e+19 1.10875059640821704e+21
2.91382132299491045e-02 2.83530169782469345e+19 1.10032498325978297e+21
2.91972594914278842e-02 2.84177361266333245e+19 1.09181087586703665e+21
2.92563057529066604e-02 2.84819499424416768e+19 1.08320852975324955e+21
2.93153520143854367e-02 2.85456532233112166e+19 1.07451821112731291e+21
2.93743982758642164e-02 2.86088407829180006e+19 1.06574019691179658e+21
2.94334445373429926e-02 2.86715074516046561e+19 1.05687477476917681e+21
2.94924907988217688e-02 2.87336480770170962e+19 1.04792224312668153e+21
2.95515370603005485e-02 2.87952575247410422e+19 1.03888291119947003e+21
2.96105833217793248e-02 2.88563306789390336e+19 1.02975709901215275e+21
2.96696295832581010e-02 2.89168624462738719e+19 1.02054551822270045e+21
2.97286758447368807e-02 2.89768478563987210e+19 1.01125147927427285e+21
2.97877221062156569e-02 2.90362820816969482e+19 1.00187599051854040e+21
2.98467683676944331e-02 2.90951603244780052e+19 9.92419447085198213e+20
2.99058146291732128e-02 2.91534778106798203e+19 9.82882254217694282e+20
2.99648608906519891e-02 2.92112297904680346e+19 9.73264827271515341e+20
3.00239071521307653e-02 2.92684115388312986e+19 9.63567591710735335e+20
3.00829534136095450e-02 2.93250183561792840e+19 9.53790983103042290e+20
3.01419996750883212e-02 2.93810455689377956e+19 9.43935447113050489e+20
3.02010459365670975e-02 2.94364885301460009e+19 9.34001439494062080e+20
3.02600921980458772e-02 2.94913426200503583e+19 9.23989426078090134e+20
3.03191384595246534e-02 2.95456032467006669e+19 9.13899882764318933e+20
3.03781847210034296e-02 2.95992658465441014e+19 9.03733295505858888e+20
3.04372309824822093e-02 2.96523258850178007e+19 8.93490160294814548e+20
3.04962772439609855e-02 2.97047788571407278e+19 8.83170983145682764e+20
3.05553235054397618e-02 2.97566202881059881e+19 8.72776280077114802e+20
3.06143697669185380e-02 2.98078457338709402e+19 8.62306577091951460e+20
3.06734160283973177e-02 2.98584507817450455e+19 8.51762410155536941e+20
3.07324622898760939e-02 2.99084310509787095e+19 8.41144325172395901e+20
3.07915085513548702e-02 2.99577821933483581e+19 8.30452877961137095e+20
3.08505548128336499e-02 3.00064998937403965e+19 8.19688634227657409e+20
3.09096010743124261e-02 3.00545798707380306e+19 8.08852169536753631e+20
3.09686473357912023e-02 3.01020178771971891e+19 7.97944069281758052e+20
3.10276935972699820e-02 3.01488097008290980e+19 7.86964928652682985e+20
3.10867398587487583e-02 3.01949511647782216e+19 7.75915352602560561e+20
3.11457861202275345e-02 3.02404381281953096e+19 7.64795955811973857e+20
3.12048323817063142e-02 3.02852664868124140e+19 7.53607362651962081e+20
3.12638786431850904e-02 3.03294321735137198e+19 7.42350207145134260e+20
3.13229249046638666e-02 3.03729311589040251e+19 7.31025132925042295e+20
3.13819711661426498e-02 3.04157594518743409e+19 7.19632793193800794e+20
3.14410174276214260e-02 3.04579131001673155e+19 7.08173850678021194e+20
3.15000636891002023e-02 3.04993881909356749e+19 6.96648977582893040e+20
3.15591099505789785e-02 3.05401808513042022e+19 6.85058855544670126e+20
3.16181562120577547e-02 3.05802872489207849e+19 6.73404175581218210e+20
3.16772024735365310e-02 3.06197035925123809e+19 6.61685638041001525e+20
3.17362487350153072e-02 3.06584261324324086e+19 6.49903952550190514e+20
3.17952949964940834e-02 3.06964511612080701e+19 6.38059837958098256e+20
3.18543412579728596e-02 3.07337750140824084e+19 6.26154022280823046e+20
3.19133875194516428e-02 3.07703940695554007e+19 6.14187242643201589e+20
3.19724337809304190e-02 3.08063047500982026e+19 6.02160287123495977e+20
3.20314800424091953e-02 3.08415035528502845e+19 5.90075080016938926e+20
3.20905263038879784e-02 3.08759870841097789e+19 5.77932921813854454e+20
3.21495725653667547e-02 3.09097520041235784e+19 5.65734592822836003e+20
3.22086188268455309e-02 3.09427950194598339e+19 5.53480881734938198e+20
3.22676650883243071e-02 3.09751128835023135e+19 5.41172585551544779e+20
3.23267113498030834e-02 3.10067023969378345e+19 5.28810509510557237e+20
3.23857576112818596e-02 3.10375604082410455e+19 5.16395467010992570e+20
3.24448038727606358e-02 3.10676838141542523e+19 5.03928279535955149e+20
3.25038501342394121e-02 3.10970695601602355e+19 4.91409776573960946e+20
3.25628963957181883e-02 3.11257146409565553e+19 4.78840795538759811e+20
3.26219426571969645e-02 3.11536161009175757e+19 4.66222181687440048e+20
3.26809889186757477e-02 3.11807710345575301e+19 4.53554788037042962e+20
3.27400351801545239e-02 3.12071765869833789e+19 4.40839475279517516e+20
3.27990814416333001e-02 3.12328299543496090e+19 4.28077111695210119e+20
3.28581277031120833e-02 3.12577283842979635e+19 4.15268573064651538e+20
3.29171739645908595e-02 3.12818691764043080e+19 4.02414742578967871e+20
3.29762202260696358e-02 3.13052496826086277e+19 3.89516510748589883e+20
3.30352664875484120e-02 3.13278673076460257e+19 3.76574775310521598e+20
3.30943127490271882e-02 3.13497195094704497e+19 3.63590441134067548e+20
3.31533590105059645e-02 3.13708037996743025e+19 3.50564420125066592e+20
3.32124052719847407e-02 3.13911177438986486e+19 3.37497631128586945e+20
3.32714515334635169e-02 3.14106589622424658e+19 3.24390999830192718e+20
3.33304977949422931e-02 3.14294251296613868e+19 3.11245458655685116e+20
3.33895440564210763e-02 3.14474139763646792e+19 2.98061946669430604e+20
3.34485903178998525e-02 3.14646232882030879e+19 2.84841409471207670e+20
3.35076365793786288e-02 3.14810509070525440e+19 2.71584799091641319e+20
3.35666828408574119e-02 3.14966947311878431e+19 2.58293073886184243e+20
3.36257291023361882e-02 3.15115527156576256e+19 2.44967198427758985e+20
3.36847753638149644e-02 3.15256228726451937e+19 2.31608143397940593e+20
3.37438216252937406e-02 3.15389032718252401e+19 2.18216885476786995e+20
3.38028678867725169e-02 3.15513920407179305e+19 2.04794407231336415e+20
3.38619141482512931e-02 3.15630873650304614e+19 1.91341697002715775e+20
3.39209604097300693e-02 3.15739874889959875e+19 1.77859748791950082e+20
3.39800066712088455e-02 3.15840907157028495e+19 1.64349562144440549e+20
3.40390529326876218e-02 3.15933954074214195e+19 1.50812142033172234e+20
3.40980991941663980e-02 3.16018999859181855e+19 1.37248498740609876e+20
3.41571454556451812e-02 3.16096029327661711e+19 1.23659647739353563e+20
3.42161917171239574e-02 3.16165027896503378e+19 1.10046609571556966e+20
3.42752379786027336e-02 3.16225981586601615e+19 9.64104097270956032e+19
3.43342842400815168e-02 3.16278877025799700e+19 8.27520785205506540e+19
3.43933305015602930e-02 3.16323701441897267e+19 6.90725723581039084e+19
3.44523767630390693e-02 3.16360442546248294e+19 5.53726435620944118e+19
3.45114230245178455e-02 3.16389088574357053e+19 4.16533096707610378e+19
3.45704692859966217e-02 3.16409628377516646e+19 2.79156190304129843e+19
3.46295155474753980e-02 3.16422051427328000e+19 1.41606242803446989e+19
3.46885618089541742e-02 3.16426347818162749e+19 3.89382223195100352e+17
3.47476080704329504e-02 3.16422508269580739e+19 -1.33970463057815450e+19
3.48066543319117266e-02 3.16410524128697057e+19 -2.71975965705200886e+19
3.48657005933905098e-02 3.16390387372434842e+19 -4.10112000670037606e+19
3.49247468548692860e-02 3.16362090609690337e+19 -5.48367846571499848e+19
3.49837931163480623e-02 3.16325627083481825e+19 -6.86732747037133701e+19
3.50428393778268454e-02 3.16280990672923812e+19 -8.25195912061622026e+19
3.51018856393056217e-02 3.16228175895221985e+19 -9.63746519375369667e+19
3.51609319007843979e-02 3.16167177907506381e+19 -1.10237371582233821e+20
3.52199781622631741e-02 3.16097992508622971e+19 -1.24106661874714690e+20
3.52790244237419504e-02 3.16020616140827771e+19 -1.37981431739107000e+20
3.53380706852207266e-02 3.15935045891427205e+19 -1.51860587429686772e+20
3.53971169466995028e-02 3.15841279494285844e+19 -1.65743032672188105e+20
3.54561632081782790e-02 3.15739315331288801e+19 -1.79627668805949850e+20
3.55152094696570553e-02 3.15629152433717617e+19 -1.93513394926861353e+20
3.55742557311358315e-02 3.15510790483510108e+19 -2.07399108031063097e+20
3.56333019926146147e-02 3.15384229814482166e+19 -2.21283703159421665e+20
3.56923482540933909e-02 3.15249471413419377e+19 -2.35166073542700368e+20
3.57513945155721671e-02 3.15106516921122980e+19 -2.49045110747452572e+20
3.58104407770509503e-02 3.14955368633328886e+19 -2.62919704822557213e+20
3.58694870385297265e-02 3.14796029501569720e+19 -2.76788744446419927e+20
3.59285333000085028e-02 3.14628503133944545e+19 -2.90651117074788155e+20
3.59875795614872790e-02 3.14452793795794903e+19 -3.04505709089155187e+20
3.60466258229660552e-02 3.14268906410279690e+19 -3.18351405945711231e+20
3.61056720844448314e-02 3.14076846558906163e+19 -3.32187092324877795e+20
3.61647183459236077e-02 3.13876620481921556e+19 -3.46011652281300353e+20
3.62237646074023839e-02 3.13668235078647153e+19 -3.59823969394356126e+20
3.62828108688811601e-02 3.13451697907700818e+19 -3.73622926919089193e+20
3.63418571303599433e-02 3.13227017187181855e+19 -3.87407407937635287e+20
3.64009033918387195e-02 3.12994201794663711e+19 -4.01176295510921314e+20
3.64599496533174958e-02 3.12753261267230556e+19 -4.14928472830896636e+20
3.65189959147962789e-02 3.12504205801312625e+19 -4.28662823372971114e+20
3.65780421762750552e-02 3.12247046252482806e+19 -4.42378231048828223e+20
3.66370884377538314e-02 3.11981794135160218e+19 -4.56073580359520289e+20
3.66961346992326076e-02 3.11708461622215025e+19 -4.69747756548808704e+20
3.67551809607113839e-02 3.11427061544466678e+19 -4.83399645756704489e+20
3.68142272221901601e-02 3.11137607390144840e+19 -4.97028135173286396e+20
3.68732734836689363e-02 3.10840113228992676e+19 -5.10632663169360462e+20
3.69323197451477125e-02 3.10534592996543365e+19 -5.24213738737978049e+20
3.69913660066264888e-02 3.10221060814276444e+19 -5.37770350215911113e+20
3.70504122681052650e-02 3.09899531457164616e+19 -5.51301380561741939e+20
3.71094585295840412e-02 3.09570020359394345e+19 -5.64805713971507233e+20
3.71685047910628313e-02 3.09232543613590815e+19 -5.78282236035616211e+20
3.72275510525416076e-02 3.08887117969943839e+19 -5.91729833895915160e+20
3.72865973140203838e-02 3.08533760835245629e+19 -6.05147396402882544e+20
3.73456435754991600e-02 3.08172490271843901e+19 -6.18533814272937558e+20
3.74046898369779363e-02 3.07803324996487455e+19 -6.31887980245782233e+20
3.74637360984567125e-02 3.07426284379069317e+19 -6.45208789241754943e+20
3.75227823599354887e-02 3.07041388441334661e+19 -6.58495138519305028e+20
3.75818286214142649e-02 3.06648657855405343e+19 -6.71745927832248779e+20
3.76408748828930412e-02 3.06248113942282076e+19 -6.84960059587110765e+20
3.76999211443718174e-02 3.05839778670253466e+19 -6.98136439000374837e+20
3.77589674058505936e-02 3.05423674653146849e+19 -7.11273974255466054e+20
3.78180136673293699e-02 3.04999825148554076e+19 -7.24371576659721978e+20
3.78770599288081461e-02 3.04568254055953613e+19 -7.37428160801160692e+20
3.79361061902869362e-02 3.04128985914696909e+19 -7.50442644704919159e+20
3.79951524517657124e-02 3.03682045901950075e+19 -7.63413949989556716e+20
3.80541987132444887e-02 3.03227459830532547e+19 -7.76341002023048708e+20
3.81132449747232649e-02 3.02765254146637742e+19 -7.89222730078399889e+20
3.81722912362020411e-02 3.02295455927503012e+19 -8.02058067489013236e+20
3.82313374976808173e-02 3.01818092878944788e+19 -8.14845951803569340e+20
3.82903837591595936e-02 3.01333193332843397e+19 -8.27585324940600410e+20
3.83494300206383698e-02 3.00840786244500070e+19 -8.40275133342522671e+20
3.84084762821171460e-02 3.00340901189939773e+19 -8.52914328129295090e+20
3.84675225435959223e-02 2.99833568363082506e+19 -8.65501865251455631e+20
3.85265688050746985e-02 2.99318818572869673e+19 -8.78036705642745823e+20
3.85856150665534747e-02 2.98796683240246764e+19 -8.90517815372010357e+20
3.86446613280322648e-02 2.98267194395120599e+19 -9.02944165794678702e+20
3.87037075895110411e-02 2.97730384673159455e+19 -9.15314733703414678e+20
3.87627538509898173e-02 2.97186287312578273e+19 -9.27628501478316442e+20
3.88218001124685935e-02 2.96634936150744719e+19 -9.39884457236146029e+20
3.88808463739473698e-02 2.96076365620794450e+19 -9.52081594979124380e+20
3.89398926354261460e-02 2.95510610748088975e+19 -9.64218914742752248e+20
3.89989388969049222e-02 2.94937707146605732e+19 -9.76295422742892380e+20
3.90579851583836984e-02 2.94357691015270523e+19 -9.88310131522126610e+20
3.91170314198624747e-02 2.93770599134143447e+19 -1.00026206009505782e+21
3.91760776813412509e-02 2.93176468860590203e+19 -1.01215023409295891e+21
3.92351239428200271e-02 2.92575338125305528e+19 -1.02397368590729596e+21
3.92941702042988034e-02 2.91967245428294042e+19 -1.03573145483244392e+21
3.93532164657775796e-02 2.91352229834739999e+19 -1.04742258720732794e+21
3.94122627272563697e-02 2.90730330944496640e+19 -1.05904645506752643e+21
3.94713089887351459e-02 2.90101588003549921e+19 -1.07060479504362871e+21
3.95303552502139222e-02 2.89466039698070733e+19 -1.08209725327177128e+21
3.95894015116926984e-02 2.88823725211544822e+19 -1.09352287310007593e+21
3.96484477731714746e-02 2.88174684290280120e+19 -1.10488070478549090e+21
3.97074940346502508e-02 2.87518957239298990e+19 -1.11616980563945836e+21
3.97665402961290271e-02 2.86856584918141952e+19 -1.12738924017262055e+21
3.98255865576078033e-02 2.86187608736544072e+19 -1.13853808023837291e+21
3.98846328190865795e-02 2.85512070650075300e+19 -1.14961540517558577e+21
3.99436790805653558e-02 2.84830013155686892e+19 -1.16062030195023492e+21
4.00027253420441320e-02 2.84141479287146086e+19 -1.17155186529584205e+21
4.00617716035229082e-02 2.83446512610424709e+19 -1.18240919785293585e+21
4.01208178650016983e-02 2.82745157218977260e+19 -1.19319141030725891e+21
4.01798641264804746e-02 2.82037457728962150e+19 -1.20389762152689015e+21
4.02389103879592508e-02 2.81323459274364109e+19 -1.21452695869808732e+21
4.02979566494380270e-02 2.80603207502034821e+19 -1.22507855745987536e+21
4.03570029109168033e-02 2.79876748566680412e+19 -1.23555156203747305e+21
4.04160491723955795e-02 2.79144129125736612e+19 -1.24594512537427640e+21
4.04750954338743557e-02 2.78405396334190387e+19 -1.25625840926260802e+21
4.05341416953531319e-02 2.77660597839312568e+19 -1.26649058447305055e+21
4.05931879568319082e-02 2.76909781775322890e+19 -1.27664083088242534e+21
4.06522342183106844e-02 2.76152996757975409e+19 -1.28670833760032680e+21
4.07112804797894606e-02 2.75390291879064166e+19 -1.29669230309418179e+21
4.07703267412682369e-02 2.74621716700866970e+19 -1.30659193531287496e+21
4.08293730027470131e-02 2.73847321250510889e+19 -1.31640645180884307e+21
4.08884192642258032e-02 2.73067156014252319e+19 -1.32613507985856004e+21
4.09474655257045794e-02 2.72281271931731395e+19 -1.33577705658167303e+21
4.10065117871833557e-02 2.71489720390093865e+19 -1.34533162905824002e+21
4.10655580486621319e-02 2.70692553218087567e+19 -1.35479805444455478e+21
4.11246043101409081e-02 2.69889822680076780e+19 -1.36417560008725024e+21
4.11836505716196843e-02 2.69081581470003732e+19 -1.37346354363579603e+21
4.12426968330984606e-02 2.68267882705249075e+19 -1.38266117315311672e+21
4.13017430945772368e-02 2.67448779920481731e+19 -1.39176778722475193e+21
4.13607893560560130e-02 2.66624327061377516e+19 -1.40078269506591628e+21
4.14198356175347893e-02 2.65794578478345912e+19 -1.40970521662714518e+21
4.14788818790135655e-02 2.64959588920131871e+19 -1.41853468269780061e+21
4.15379281404923417e-02 2.64119413527416136e+19 -1.42727043500806033e+21
4.15969744019711318e-02 2.63274107826289787e+19 -1.43591182632869796e+21
4.16560206634499081e-02 2.62423727721739715e+19 -1.44445822056935168e+21
4.17150669249286843e-02 2.61568329491016991e+19 -1.45290899287457006e+21
4.17741131864074605e-02 2.60707969777001185e+19 -1.46126352971821403e+21
4.18331594478862367e-02 2.59842705581446308e+19 -1.46952122899555942e+21
4.18922057093650130e-02 2.58972594258252923e+19 -1.47768150011387026e+21
4.19512519708437892e-02 2.58097693506611036e+19 -1.48574376408055677e+21
4.20102982323225654e-02 2.57218061364151009e+19 -1.49370745358964700e+21
4.20693444938013417e-02 2.56333755996287672e+19 -1.50157326551646496e+21
4.21283907552801179e-02 2.55444834512975299e+19 -1.50934299426522949e+21
4.21874370167588941e-02 2.54551353789280666e+19 -1.51701611268361054e+21
4.22464832782376704e-02 2.53653371039403950e+19 -1.52459204885442855e+21
4.23055295397164466e-02 2.52750943811855155e+19 -1.53207024232591288e+21
4.23645758011952367e-02 2.51844129982673469e+19 -1.53945014420264688e+21
4.24236220626740129e-02 2.50932987748550615e+19 -1.54673121723424126e+21
4.24826683241527892e-02 2.50017575619959398e+19 -1.55391293590233285e+21
4.25417145856315654e-02 2.49097952414176297e+19 -1.56099478650519342e+21
4.26007608471103416e-02 2.48174177248301179e+19 -1.56797626724055201e+21
4.26598071085891178e-02 2.47246309532187484e+19 -1.57485688828606467e+21
4.27188533700678941e-02 2.46314408961359503e+19 -1.58163617187788331e+21
4.27778996315466703e-02 2.45378535509859123e+19 -1.58831365238692879e+21
4.28369458930254465e-02 2.44438749423070904e+19 -1.59488887639315133e+21
4.28959921545042228e-02 2.43495111210479534e+19 -1.60136140275745790e+21
4.29550384159829990e-02 2.42547681638402785e+19 -1.60773080269155100e+21
4.30140846774617752e-02 2.41596521722682491e+19 -1.61399665982554663e+21
4.30731309389405653e-02 2.40641692721325343e+19 -1.62015857027327957e+21
4.31321772004193416e-02 2.39683256127114813e+19 -1.62621614269542171e+21
4.31912234618981178e-02 2.38721273660198461e+19 -1.63216899836040839e+21
4.32502697233768940e-02 2.37755807260596838e+19 -1.63801677120278338e+21
4.33093159848556702e-02 2.36786919080738816e+19 -1.64375910787965439e+21
4.33683622463344465e-02 2.35814671477911060e+19 -1.64939566782446279e+21
4.34274085078132227e-02 2.34839127006709105e+19 -1.65492612329864351e+21
4.34864547692919989e-02 2.33860348411453112e+19 -1.66035015944090236e+21
4.35455010307707752e-02 2.32878398618555433e+19 -1.66566747431398487e+21
4.36045472922495514e-02 2.31893340728885985e+19 -1.67087777894924498e+21
4.36635935537283276e-02 2.30905238010105897e+19 -1.67598079738878676e+21
4.37226398152071039e-02 2.29914153888958013e+19 -1.68097626672505946e+21
4.37816860766858801e-02 2.28920151943575101e+19 -1.68586393713833673e+21
4.38407323381646702e-02 2.27923295895713341e+19 -1.69064357193138307e+21
4.38997785996434464e-02 2.26923649603009290e+19 -1.69531494756199432e+21
4.39588248611222226e-02 2.25921277051212882e+19 -1.69987785367306686e+21
4.40178711226009989e-02 2.24916242346366484e+19 -1.70433209311992454e+21
4.40769173840797751e-02 2.23908609707020165e+19 -1.70867748199557497e+21
4.41359636455585513e-02 2.22898443456409764e+19 -1.71291384965332389e+21
4.41950099070373276e-02 2.21885808014588150e+19 -1.71704103872664358e+21
4.42540561685161038e-02 2.20870767890625741e+19 -1.72105890514717953e+21
4.43131024299948800e-02 2.19853387674718986e+19 -1.72496731815962293e+21
4.43721486914736563e-02 2.18833732030335468e+19 -1.72876616033444141e+21
4.44311949529524325e-02 2.17811865686345277e+19 -1.73245532757804633e+21
4.44902412144312087e-02 2.16787853429148877e+19 -1.73603472914047540e+21
4.45492874759099988e-02 2.15761760094784266e+19 -1.73950428762042348e+21
4.46083337373887751e-02 2.14733650561048945e+19 -1.74286393896790262e+21
4.46673799988675513e-02 2.13703589739622154e+19 -1.74611363248439165e+21
4.47264262603463275e-02 2.12671642568174551e+19 -1.74925333082036634e+21
4.47854725218251037e-02 2.11637873895675494e+19 -1.75228359351656225e+21
4.48445187833038800e-02 2.10602348056404992e+19 -1.75520515976229080e+21
4.49035650447826562e-02 2.09565129237280522e+19 -1.75801800906349609e+21
4.49626113062614324e-02 2.08526281635419341e+19 -1.76072213067336463e+21
4.50216575677402087e-02 2.07485869450378650e+19 -1.76331752705210162e+21
4.50807038292189849e-02 2.06443956876369224e+19 -1.76580421385776425e+21
4.51397500906977611e-02 2.05400608094464000e+19 -1.76818221993448492e+21
4.51987963521765373e-02 2.04355887264816701e+19 -1.77045158729819357e+21
4.52578426136553136e-02 2.03309858518877184e+19 -1.77261237111972246e+21
4.53168888751341037e-02 2.02262585951651758e+19 -1.77466463970569119e+21
4.53759351366128799e-02 2.01214133613935452e+19 -1.77660847447653587e+21
4.54349813980916561e-02 2.00164565504586301e+19 -1.77844396994227864e+21
4.54940276595704324e-02 1.99113945562795459e+19 -1.78017123367562353e+21
4.55530739210492086e-02 1.98062337660384338e+19 -1.78179038628264831e+21
4.56121201825279848e-02 1.97009805594130555e+19 -1.78330156137110333e+21
4.56711664440067611e-02 1.95956413078085796e+19 -1.78470490551597243e+21
4.57302127054855373e-02 1.94902223735931044e+19 -1.78600057822270377e+21
4.57892589669643135e-02 1.93847301093365760e+19 -1.78718875188807441e+21
4.58483052284430898e-02 1.92791708570491576e+19 -1.78826961175832114e+21
4.59073514899218660e-02 1.91735509474254602e+19 -1.78924335588512629e+21
4.59663977514006422e-02 1.90678766990881546e+19 -1.79011019507884491e+21
4.60254440128794323e-02 1.89621544178378056e+19 -1.79087035285962490e+21
4.60844902743582086e-02 1.88563903959017841e+19 -1.79152406540572505e+21
4.61435365358369848e-02 1.87505909111906877e+19 -1.79207158149984577e+21
4.62025827973157610e-02 1.86447622265544294e+19 -1.79251316247271231e+21
4.62616290587945372e-02 1.85389105890427535e+19 -1.79284908214437177e+21
4.63206753202733135e-02 1.84330422291710628e+19 -1.79307962676328215e+21
4.63797215817520897e-02 1.83271633601861673e+19 -1.79320509494268317e+21
4.64387678432308659e-02 1.82212801773410222e+19 -1.79322579759511948e+21
4.64978141047096422e-02 1.81153988571677348e+19 -1.79314205786408118e+21
4.65568603661884184e-02 1.80095255567592817e+19 -1.79295421105377955e+21
4.66159066276671946e-02 1.79036664130521682e+19 -1.79266260455630569e+21
4.66749528891459708e-02 1.77978275421165548e+19 -1.79226759777680936e+21
4.67339991506247471e-02 1.76920150384479232e+19 -1.79176956205612977e+21
4.67930454121035372e-02 1.75862349742651617e+19 -1.79116888059134843e+21
4.68520916735823134e-02 1.74804933988122767e+19 -1.79046594835401540e+21
4.69111379350610896e-02 1.73747963376664986e+19 -1.78966117200630933e+21
4.69701841965398659e-02 1.72691497920507556e+19 -1.78875496981495651e+21
4.70292304580186421e-02 1.71635597381489869e+19 -1.78774777156273937e+21
4.70882767194974183e-02 1.70580321264318730e+19 -1.78664001845839764e+21
4.71473229809761946e-02 1.69525728809823457e+19 -1.78543216304381965e+21
4.72063692424549708e-02 1.68471878988299182e+19 -1.78412466909948124e+21
4.72654155039337470e-02 1.67418830492912620e+19 -1.78271801154787266e+21
4.73244617654125233e-02 1.66366641733136445e+19 -1.78121267635456678e+21
4.73835080268912995e-02 1.65315370828256195e+19 -1.77960916042739483e+21
4.74425542883700757e-02 1.64265075600956150e+19 -1.77790797151383480e+21
4.75016005498488658e-02 1.63215813570935480e+19 -1.77610962809607920e+21
4.75606468113276420e-02 1.62167642127529431e+19 -1.77421344356580825e+21
4.76196930728064183e-02 1.61120619905086239e+19 -1.77221700812345049e+21
4.76787393342851945e-02 1.60074805979286139e+19 -1.77012084307844189e+21
4.77377855957639707e-02 1.59030259038649733e+19 -1.76792562101722992e+21
4.77968318572427470e-02 1.57987037371657974e+19 -1.76563202432576677e+21
4.78558781187215232e-02 1.56945198861013422e+19 -1.76324074504320162e+21
4.79149243802002994e-02 1.55904800977976320e+19 -1.76075248471401719e+21
4.79739706416790757e-02 1.54865900776810312e+19 -1.75816795423902427e+21
4.80330169031578519e-02 1.53828554889286820e+19 -1.75548787372468286e+21
4.80920631646366281e-02 1.52792819519301919e+19 -1.75271297233137199e+21
4.81511094261154043e-02 1.51758750437574390e+19 -1.74984398812029203e+21
4.82101556875941806e-02 1.50726402976438886e+19 -1.74688166789919251e+21
4.82692019490729707e-02 1.49695832024721736e+19 -1.74382676706680216e+21
4.83282482105517469e-02 1.48667092022713631e+19 -1.74068004945616385e+21
4.83872944720305231e-02 1.47640236957243290e+19 -1.73744228717695756e+21
4.84463407335092994e-02 1.46615320356835226e+19 -1.73411426045663720e+21
4.85053869949880756e-02 1.45592395286949949e+19 -1.73069675748039957e+21
4.85644332564668518e-02 1.44571514345358828e+19 -1.72719057423064105e+21
4.86234795179456281e-02 1.43552729657564938e+19 -1.72359651432486824e+21
4.86825257794244043e-02 1.42536092872353178e+19 -1.71991538885310651e+21
4.87415720409031805e-02 1.41521655157423186e+19 -1.71614801621427028e+21
4.88006183023819567e-02 1.40509467195122319e+19 -1.71229522195174890e+21
4.88596645638607330e-02 1.39499579178283704e+19 -1.70835783858829341e+21
4.89187108253395092e-02 1.38492040806138266e+19 -1.70433670545987155e+21
4.89777570868182993e-02 1.37486901280351949e+19 -1.70023266854914045e+21
4.90368033482970755e-02 1.36484209301153239e+19 -1.69604658031816029e+21
4.90958496097758518e-02 1.35484013063547249e+19 -1.69177929954032799e+21
4.91548958712546280e-02 1.34486360253644534e+19 -1.68743169113191508e+21
4.92139421327334042e-02 1.33491298045087744e+19 -1.68300462598305114e+21
4.92729883942121805e-02 1.32498873095560049e+19 -1.67849898078796880e+21
4.93320346556909567e-02 1.31509131543425229e+19 -1.67391563787519394e+21
4.93910809171697329e-02 1.30522119004442624e+19 -1.66925548503699004e+21
4.94501271786485092e-02 1.29537880568589578e+19 -1.66451941535851584e+21
4.95091734401272854e-02 1.28556460796993249e+19 -1.65970832704674883e+21
4.95682197016060616e-02 1.27577903718948557e+19 -1.65482312325893456e+21
4.96272659630848378e-02 1.26602252829052477e+19 -1.64986471193096225e+21
4.96863122245636141e-02 1.25629551084436664e+19 -1.64483400560550609e+21
4.97453584860424042e-02 1.24659840902081085e+19 -1.63973192125971379e+21
4.98044047475211804e-02 1.23693164156271452e+19 -1.63455938013332845e+21
4.98634510089999566e-02 1.22729562176110060e+19 -1.62931730755608143e+21
4.99224972704787329e-02 1.21769075743165051e+19 -1.62400663277552271e+21
4.99815435319575091e-02 1.20811745089205228e+19 -1.61862828878463343e+21
5.00405897934362853e-02 1.19857609894033367e+19 -1.61318321214942190e+21
5.00996360549150616e-02 1.18906709283441132e+19 -1.60767234283686593e+21
5.01586823163938378e-02 1.17959081827238810e+19 -1.60209662404260345e+21
5.02177285778726140e-02 1.17014765537401508e+19 -1.59645700201898128e+21
5.02767748393513902e-02 1.16073797866318397e+19 -1.59075442590331542e+21
5.03358211008301665e-02 1.15136215705143194e+19 -1.58498984754638671e+21
5.03948673623089427e-02 1.14202055415208468e+19 -1.57916365819814950e+21
5.04539136237877328e-02 1.13271355380205527e+19 -1.57326789460361635e+21
5.05129598852665090e-02 1.12344157715324396e+19 -1.56730074758299464e+21
5.05720061467452853e-02 1.11420504164936172e+19 -1.56126358817958684e+21
5.06310524082240615e-02 1.10500435664488407e+19 -1.55515778525149685e+21
5.06900986697028377e-02 1.09583992341881446e+19 -1.54898470522191269e+21
5.07491449311816140e-02 1.08671213518971802e+19 -1.54274571183230681e+21
5.08081911926603902e-02 1.07762137713227796e+19 -1.53644216589896673e+21
5.08672374541391664e-02 1.06856802639529492e+19 -1.53007542507281082e+21
5.09262837156179426e-02 1.05955245212112179e+19 -1.52364684360253335e+21
5.09853299770967189e-02 1.05057501546631660e+19 -1.51715777210082473e+21
5.10443762385754951e-02 1.04163606962395914e+19 -1.51060955731436660e+21
5.11034225000542713e-02 1.03273595984702075e+19 -1.50400354189678005e+21
5.11624687615330476e-02 1.02387502347326976e+19 -1.49734106418526998e+21
5.12215150230118377e-02 1.01505358995134218e+19 -1.49062345798049648e+21
5.12805612844906139e-02 1.00627198086822154e+19 -1.48385205233006595e+21
5.13396075459693901e-02 9.97530509977934438e+18 -1.47702817131542190e+21
5.13986538074481664e-02 9.88829483231458099e+18 -1.47015313384218034e+21
5.14577000689269426e-02 9.80169198807920845e+18 -1.46322825343406650e+21
5.15167463304057188e-02 9.71549947147000832e+18 -1.45625483803037925e+21
5.15757925918844951e-02 9.62972010982398771e+18 -1.44923418978683165e+21
5.16348388533632713e-02 9.54435665376697958e+18 -1.44216760488028982e+21
5.16938851148420475e-02 9.45941177757132186e+18 -1.43505637331673075e+21
5.17529313763208237e-02 9.37488807952594534e+18 -1.42790177874297173e+21
5.18119776377996000e-02 9.29078808231800422e+18 -1.42070509826207803e+21
5.18710238992783762e-02 9.20711423342380544e+18 -1.41346760225215270e+21
5.19300701607571663e-02 9.12386890551163392e+18 -1.40619055418894739e+21
5.19891164222359425e-02 9.04105439685425357e+18 -1.39887521047198879e+21
5.20481626837147188e-02 8.95867293175177626e+18 -1.39152282025437404e+21
5.21072089451934950e-02 8.87672666096479539e+18 -1.38413462527624951e+21
5.21662552066722712e-02 8.79521766215640781e+18 -1.37671185970180496e+21
5.22253014681510475e-02 8.71414794034470707e+18 -1.36925574996005513e+21
5.22843477296298237e-02 8.63351942836376269e+18 -1.36176751458914455e+21
5.23433939911085999e-02 8.55333398733422899e+18 -1.35424836408437899e+21
5.24024402525873761e-02 8.47359340714283622e+18 -1.34669950074990808e+21
5.24614865140661524e-02 8.39429940693007974e+18 -1.33912211855397329e+21
5.25205327755449286e-02 8.31545363558667776e+18 -1.33151740298785273e+21
5.25795790370237048e-02 8.23705767225800192e+18 -1.32388653092839542e+21
5.26386252985024811e-02 8.15911302685715968e+18 -1.31623067050428911e+21
5.26976715599812712e-02 8.08162114058488422e+18 -1.30855098096579668e+21
5.27567178214600474e-02 8.00458338645781094e+18 -1.30084861255822895e+21
5.28157640829388236e-02 7.92800106984389427e+18 -1.29312470639899574e+21
5.28748103444175999e-02 7.85187542900457267e+18 -1.28538039435818041e+21
5.29338566058963761e-02 7.77620763564473958e+18 -1.27761679894284468e+21
5.29929028673751523e-02 7.70099879546852045e+18 -1.26983503318475604e+21
5.30519491288539286e-02 7.62624994874188390e+18 -1.26203620053172591e+21
5.31109953903327048e-02 7.55196207086214349e+18 -1.25422139474259424e+21
5.31700416518114810e-02 7.47813607293279846e+18 -1.24639169978561882e+21
5.32290879132902572e-02 7.40477280234433024e+18 -1.23854818974039173e+21
5.32881341747690335e-02 7.33187304336132813e+18 -1.23069192870336764e+21
5.33471804362478097e-02 7.25943755721305907e+18 -1.22282062801207296e+21
5.34062266977265998e-02 7.18746762870306714e+18 -1.21492186322357505e+21
5.34652729592053760e-02 7.11596490480809370e+18 -1.20699588414503649e+21
5.35243192206841523e-02 7.04493094085280666e+18 -1.19904443406053907e+21
5.35833654821629285e-02 6.97436718989040742e+18 -1.19106923377412801e+21
5.36424117436417047e-02 6.90427500403361280e+18 -1.18307198149583883e+21
5.37014580051204810e-02 6.83465563579185562e+18 -1.17505435273807869e+21
5.37605042665992572e-02 6.76551023941415526e+18 -1.16701800022220210e+21
5.38195505280780334e-02 6.69683987223745331e+18 -1.15896455379518751e+21
5.38785967895568096e-02 6.62864549603975782e+18 -1.15089562035623376e+21
5.39376430510355859e-02 6.56092797839625216e+18 -1.14281278379288442e+21
5.39966893125143621e-02 6.49368809404067840e+18 -1.13471760492701313e+21
5.40557355739931383e-02 6.42692652622781133e+18 -1.12661162146986433e+21
5.41147818354719146e-02 6.36064386809984410e+18 -1.11849634798656448e+21
5.41738280969507047e-02 6.29484062405339750e+18 -1.11037327586945257e+21
5.42328743584294809e-02 6.22951721110858957e+18 -1.10224387332039272e+21
5.42919206199082571e-02 6.16467396027873587e+18 -1.09410958534173996e+21
5.43509668813870334e-02 6.10031111793977242e+18 -1.08597183373571129e+21
5.44100131428658096e-02 6.03642884720068915e+18 -1.07783201711229803e+21
5.44690594043445858e-02 5.97302722927181926e+18 -1.06969151090507435e+21
5.45281056658233620e-02 5.91010626483317043e+18 -1.06155166739519911e+21
5.45871519273021383e-02 5.84766587540020634e+18 -1.05341381574304989e+21
5.46461981887809145e-02 5.78570590468837581e+18 -1.04527926202763182e+21
5.47052444502596907e-02 5.72422611997389619e+18 -1.03714928929321556e+21
5.47642907117384670e-02 5.66322621345304986e+18 -1.02902515760351032e+21
5.48233369732172432e-02 5.60270580359715942e+18 -1.02090810410276776e+21
5.48823832346960333e-02 5.54266443650352026e+18 -1.01279934308375685e+21
5.49414294961748095e-02 5.48310158724288205e+18 -1.00470006606262410e+21
5.50004757576535858e-02 5.42401666120199168e+18 -9.96611441860262887e+20
5.50595220191323620e-02 5.36540899542086554e+18 -9.88534616690023203e+20
5.51185682806111382e-02 5.30727785992516915e+18 -9.80470714251735990e+20
5.51776145420899145e-02 5.24962245905229107e+18 -9.72420835831673520e+20
5.52366608035686907e-02 5.19244193277220966e+18 -9.64386060408556487e+20
5.52957070650474669e-02 5.13573535800087859e+18 -9.56367444765070328e+20
5.53547533265262431e-02 5.07950174990771917e+18 -9.48366023605081342e+20
5.54137995880050194e-02 5.02374006321552179e+18 -9.40382809676128977e+20
5.54728458494837956e-02 4.96844919349324595e+18 -9.32418793897176990e+20
5.55318921109625718e-02 4.91362797844102042e+18 -9.24474945491382698e+20
5.55909383724413481e-02 4.85927519916705280e+18 -9.16552212123723235e+20
5.56499846339201382e-02 4.80538958145651917e+18 -9.08651520043379327e+20
5.57090308953989144e-02 4.75196979703166771e+18 -9.00773774230624666e+20
5.57680771568776906e-02 4.69901446480315904e+18 -8.92919858548113408e+20
5.58271234183564669e-02 4.64652215211267686e+18 -8.85090635896465392e+20
5.58861696798352431e-02 4.59449137596585933e+18 -8.77286948373854683e+20
5.59452159413140193e-02 4.54292060425541171e+18 -8.69509617439466586e+20
5.60042622027927955e-02 4.49180825697548749e+18 -8.61759444080922853e+20
5.60633084642715718e-02 4.44115270742491290e+18 -8.54037208985094849e+20
5.61223547257503480e-02 4.39095228340099635e+18 -8.46343672712538489e+20
5.61814009872291242e-02 4.34120526838258586e+18 -8.38679575875172827e+20
5.62404472487079005e-02 4.29190990270282189e+18 -8.31045639317193097e+20
5.62994935101866767e-02 4.24306438471050291e+18 -8.23442564298884121e+20
5.63585397716654668e-02 4.19466691916351078e+18 -8.15867465998026670e+20
5.64175860331442430e-02 4.14671620297210675e+18 -8.08309933998461682e+20
5.64766322946230193e-02 4.09921120434040730e+18 -8.00770457108043530e+20
5.65356785561017955e-02 4.05215081797595853e+18 -7.93250357392524182e+20
5.65947248175805717e-02 4.00553386156538061e+18 -7.85750921676542706e+20
5.66537710790593479e-02 3.95935907784540211e+18 -7.78273401872787177e+20
5.67128173405381242e-02 3.91362513665437286e+18 -7.70819015320110105e+20
5.67718636020169004e-02 3.86833063696358502e+18 -7.63388945130110714e+20
5.68309098634956766e-02 3.82347410888783155e+18 -7.55984340541725737e+20
5.68899561249744529e-02 3.77905401567483085e+18 -7.48606317283405726e+20
5.69490023864532291e-02 3.73506875567278490e+18 -7.41255957942388785e+20
5.70080486479320053e-02 3.69151666427649690e+18 -7.33934312340816527e+20
5.70670949094107816e-02 3.64839601585068544e+18 -7.26642397918083678e+20
5.71261411708895717e-02 3.60570502563044608e+18 -7.19381200119075701e+20
5.71851874323683479e-02 3.56344185159902054e+18 -7.12151672787996508e+20
5.72442336938471241e-02 3.52160459634178867e+18 -7.04954738567243104e+20
5.73032799553259004e-02 3.48019130887700070e+18 -6.97791289301106164e+20
5.73623262168046766e-02 3.43919998646179174e+18 -6.90662186443684970e+20
5.74213724782834528e-02 3.39862857637488742e+18 -6.83568261470982636e+20
5.74804187397622290e-02 3.35847497767431731e+18 -6.76510316296535278e+20
5.75394650012410053e-02 3.31873704293049600e+18 -6.69489123690335044e+20
5.75985112627197815e-02 3.27941257993481267e+18 -6.62505427700777353e+20
5.76575575241985577e-02 3.24049935338282189e+18 -6.55559944079145304e+20
5.77166037856773340e-02 3.20199508653251891e+18 -6.48653360706440528e+20
5.77756500471561102e-02 3.16389746283746253e+18 -6.41786338022215909e+20
5.78346963086349003e-02 3.12620412755424922e+18 -6.34959509455032156e+20
5.78937425701136765e-02 3.08891268932466944e+18 -6.28173481854317363e+20
5.79527888315924528e-02 3.05202072173254963e+18 -6.21428835923360743e+20
5.80118350930712290e-02 3.01552576483434342e+18 -6.14726126652973253e+20
5.80708813545500052e-02 2.97942532666497229e+18 -6.08065883755860984e+20
5.81299276160287814e-02 2.94371688471740211e+18 -6.01448612101134877e+20
5.81889738775075577e-02 2.90839788739671194e+18 -5.94874792148860010e+20
5.82480201389863339e-02 2.87346575544849357e+18 -5.88344880384355926e+20
5.83070664004651101e-02 2.83891788336178381e+18 -5.81859309752045470e+20
5.83661126619438864e-02 2.80475164074619341e+18 -5.75418490088540537e+20
5.84251589234226626e-02 2.77096437368361267e+18 -5.69022808554806444e+20
5.84842051849014388e-02 2.73755340605435494e+18 -5.62672630067143705e+20
5.85432514463802289e-02 2.70451604083790950e+18 -5.56368297726797349e+20
5.86022977078590052e-02 2.67184956138856806e+18 -5.50110133248026149e+20
5.86613439693377814e-02 2.63955123268532838e+18 -5.43898437384289845e+20
5.87203902308165576e-02 2.60761830255737344e+18 -5.37733490352614670e+20
5.87794364922953338e-02 2.57604800288395264e+18 -5.31615552255683461e+20
5.88384827537741101e-02 2.54483755076969165e+18 -5.25544863501664649e+20
5.88975290152528863e-02 2.51398414969527245e+18 -5.19521645221568381e+20
5.89565752767316625e-02 2.48348499064324198e+18 -5.13546099683887874e+20
5.90156215382104388e-02 2.45333725319974298e+18 -5.07618410706505892e+20
5.90746677996892150e-02 2.42353810663182592e+18 -5.01738744065609957e+20
5.91337140611679912e-02 2.39408471094066534e+18 -4.95907247901507256e+20
5.91927603226467675e-02 2.36497421789112474e+18 -4.90124053121258684e+20
5.92518065841255437e-02 2.33620377201739264e+18 -4.84389273797907513e+20
5.93108528456043338e-02 2.30777051160531968e+18 -4.78703007566267351e+20
5.93698991070831100e-02 2.27967156965151616e+18 -4.73065336015125873e+20
5.94289453685618863e-02 2.25190408200701389e+18 -4.67475639195375632e+20
5.94879916300406625e-02 2.22446532179787366e+18 -4.61930440568222581e+20
5.95470378915194387e-02 2.19735268030651162e+18 -4.56429471439797354e+20
5.96060841529982149e-02 2.17056353857794202e+18 -4.50972977862024823e+20
5.96651304144769912e-02 2.14409526374940134e+18 -4.45561184944231678e+20
5.97241766759557674e-02 2.11794521027249843e+18 -4.40194297340850143e+20
5.97832229374345436e-02 2.09211072110683418e+18 -4.34872499735239000e+20
5.98422691989133199e-02 2.06658912888485402e+18 -4.29595957319336591e+20
5.99013154603920961e-02 2.04137775704880768e+18 -4.24364816269101105e+20
5.99603617218708723e-02 2.01647392095967181e+18 -4.19179204215489954e+20
6.00194079833496624e-02 1.99187492897821235e+18 -4.14039230710799860e+20
6.00784542448284387e-02 1.96757808351901056e+18 -4.08944987690337042e+20
6.01375005063072149e-02 1.94358068207695898e+18 -4.03896549929112961e+20
6.01965467677859911e-02 1.91988001822736256e+18 -3.98893975493612339e+20
6.02555930292647673e-02 1.89647338259920410e+18 -3.93937306188355011e+20
6.03146392907435436e-02 1.87335806382221850e+18 -3.89026567997208723e+20
6.03736855522223198e-02 1.85053134944827955e+18 -3.84161771519384224e+20
6.04327318137010960e-02 1.82799052684701619e+18 -3.79342912399931867e+20
6.04917780751798723e-02 1.80573288407622502e+18 -3.74569971754696180e+20
6.05508243366586485e-02 1.78375571072735846e+18 -3.69842916589635109e+20
6.06098705981374247e-02 1.76205629874639642e+18 -3.65161700214420799e+20
6.06689168596162010e-02 1.74063194323055616e+18 -3.60526262650275430e+20
6.07279631210949772e-02 1.71947994320096384e+18 -3.55936531031932273e+20
6.07870093825737673e-02 1.69859760235185869e+18 -3.51392420003712532e+20
6.08460556440525435e-02 1.67798222977659315e+18 -3.46893832109648904e+20
6.09051019055313198e-02 1.65763114067063142e+18 -3.42440658177578107e+20
6.09641481670100960e-02 1.63754165701228826e+18 -3.38032777697246904e+20
6.10231944284888722e-02 1.61771110822112538e+18 -3.33670059192304665e+20
6.10822406899676484e-02 1.59813683179458278e+18 -3.29352360586201530e+20
6.11412869514464247e-02 1.57881617392334157e+18 -3.25079529561997378e+20
6.12003332129252009e-02 1.55974649008535142e+18 -3.20851403915976507e+20
6.12593794744039771e-02 1.54092514561949850e+18 -3.16667811905182958e+20
6.13184257358827534e-02 1.52234951627860838e+18 -3.12528572588729631e+20
6.13774719973615296e-02 1.50401698876270157e+18 -3.08433496162995143e+20
6.14365182588403058e-02 1.48592496123252787e+18 -3.04382384290639380e+20
6.14955645203190959e-02 1.46807084380393062e+18 -3.00375030423482728e+20
6.15546107817978722e-02 1.45045205902322150e+18 -2.96411220119222813e+20
6.16136570432766484e-02 1.43306604232409037e+18 -2.92490731352034738e+20
6.16727033047554246e-02 1.41591024246649677e+18 -2.88613334817092633e+20
6.17317495662342008e-02 1.39898212195748480e+18 -2.84778794228946076e+20
6.17907958277129771e-02 1.38227915745474355e+18 -2.80986866613873869e+20
6.18498420891917533e-02 1.36579884015307187e+18 -2.77237302596201087e+20
6.19088883506705295e-02 1.34953867615406413e+18 -2.73529846678604972e+20
6.19679346121493058e-02 1.33349618681946163e+18 -2.69864237516462457e+20
6.20269808736280820e-02 1.31766890910837504e+18 -2.66240208186245710e+20
6.20860271351068582e-02 1.30205439589905050e+18 -2.62657486448075571e+20
6.21450733965856345e-02 1.28665021629508813e+18 -2.59115795002383270e+20
6.22041196580644107e-02 1.27145395591676467e+18 -2.55614851740789703e+20
6.22631659195432008e-02 1.25646321717775539e+18 -2.52154369991242154e+20
6.23222121810219770e-02 1.24167561954745088e+18 -2.48734058757427364e+20
6.23812584425007532e-02 1.22708879979940480e+18 -2.45353622952554922e+20
6.24403047039795295e-02 1.21270041224609562e+18 -2.42012763627534844e+20
6.24993509654583057e-02 1.19850812896031232e+18 -2.38711178193601233e+20
6.25583972269370819e-02 1.18450963976085402e+18 -2.35448616218333446e+20
6.26174434884158582e-02 1.17070260800487680e+18 -2.32226514184833925e+20
6.26764897498946344e-02 1.15708462003568819e+18 -2.29045300516771004e+20
6.27355360113734106e-02 1.14365327437293824e+18 -2.25904541061412848e+20
6.27945822728521869e-02 1.13040619512717952e+18 -2.22803803176790753e+20
6.28536285343309631e-02 1.11734103190812378e+18 -2.19742655819896783e+20
6.29126747958097393e-02 1.10445545972763507e+18 -2.16720669631504908e+20
6.29717210572885294e-02 1.09174717889791731e+18 -2.13737417017732727e+20
6.30307673187673057e-02 1.07921391492491008e+18 -2.10792472228377756e+20
6.30898135802460819e-02 1.06685341839725274e+18 -2.07885411432126480e+20
6.31488598417248581e-02 1.05466346487082074e+18 -2.05015812788666991e+20
6.32079061032036343e-02 1.04264185474904243e+18 -2.02183256517777424e+20
6.32669523646824106e-02 1.03078641315939597e+18 -1.99387324965495800e+20
6.33259986261611868e-02 1.01909498982589094e+18 -1.96627602667365564e+20
6.33850448876399630e-02 1.00756545893803917e+18 -1.93903676408883970e+20
6.34440911491187393e-02 9.96195719016301312e+17 -1.91215135283182502e+20
6.35031374105975155e-02 9.84983692774107904e+17 -1.88561570745987367e+20
6.35621836720762917e-02 9.73927326976891648e+17 -1.85942576667977253e+20
6.36212299335550679e-02 9.63024592297975552e+17 -1.83357749384537080e+20
6.36802761950338442e-02 9.52273483171621120e+17 -1.80806687742998577e+20
6.37393224565126343e-02 9.41672017643407488e+17 -1.78288993147430273e+20
6.37983687179914105e-02 9.31218237217948160e+17 -1.75804269601009598e+20
6.38574149794701867e-02 9.20910206704310528e+17 -1.73352123746077016e+20
6.39164612409489630e-02 9.10746014058958080e+17 -1.70932164901868765e+20
6.39755075024277392e-02 9.00723770226722304e+17 -1.68544005100055101e+20
6.40345537639065154e-02 8.90841608979595776e+17 -1.66187259118074855e+20
6.40936000253852917e-02 8.81097686753699072e+17 -1.63861544510363763e+20
6.41526462868640679e-02 8.71490182484393984e+17 -1.61566481637500617e+20
6.42116925483428441e-02 8.62017297439837184e+17 -1.59301693693357916e+20
6.42707388098216204e-02 8.52677255052912640e+17 -1.57066806730274046e+20
6.43297850713003966e-02 8.43468300751717760e+17 -1.54861449682310365e+20
6.43888313327791728e-02 8.34388701788815744e+17 -1.52685254386661884e+20
6.44478775942579629e-02 8.25436747069246848e+17 -1.50537855603249447e+20
6.45069238557367391e-02 8.16610746977310592e+17 -1.48418891032525144e+20
6.45659701172155154e-02 8.07909033202562048e+17 -1.46328001331601048e+20
6.46250163786942916e-02 7.99329958564783744e+17 -1.44264830128686531e+20
6.46840626401730678e-02 7.90871896838104832e+17 -1.42229024035893740e+20
6.47431089016518441e-02 7.82533242574547584e+17 -1.40220232660490437e+20
6.48021551631306203e-02 7.74312410926818304e+17 -1.38238108614595412e+20
6.48612014246093965e-02 7.66207837470660736e+17 -1.36282307523400335e+20
6.49202476860881728e-02 7.58217978026765696e+17 -1.34352488031945802e+20
6.49792939475669490e-02 7.50341308482261504e+17 -1.32448311810481668e+20
6.50383402090457252e-02 7.42576324611925504e+17 -1.30569443558464160e+20
6.50973864705245014e-02 7.34921541899341056e+17 -1.28715551007256183e+20
6.51564327320032777e-02 7.27375495357711360e+17 -1.26886304921504776e+20
6.52154789934820678e-02 7.19936739350843776e+17 -1.25081379099313488e+20
6.52745252549608440e-02 7.12603847413958016e+17 -1.23300450371172762e+20
6.53335715164396202e-02 7.05375412074811776e+17 -1.21543198597761057e+20
6.53926177779183965e-02 6.98250044674752000e+17 -1.19809306666571596e+20
6.54516640393971727e-02 6.91226375190229376e+17 -1.18098460487484080e+20
6.55107103008759489e-02 6.84303052054429184e+17 -1.16410348987243823e+20
6.55697565623547252e-02 6.77478741979321344e+17 -1.14744664102924943e+20
6.56288028238335014e-02 6.70752129778177408e+17 -1.13101100774408684e+20
6.56878490853122776e-02 6.64121918188444288e+17 -1.11479356935881032e+20
6.57468953467910538e-02 6.57586827695311360e+17 -1.09879133506429108e+20
6.58059416082698301e-02 6.51145596355653888e+17 -1.08300134379704517e+20
6.58649878697486063e-02 6.44796979622798080e+17 -1.06742066412751094e+20
6.59240341312273964e-02 6.38539750171870720e+17 -1.05204639413977989e+20
6.59830803927061726e-02 6.32372697725880576e+17 -1.03687566130323161e+20
6.60421266541849489e-02 6.26294628882688000e+17 -1.02190562233654919e+20
6.61011729156637251e-02 6.20304366942620416e+17 -1.00713346306390229e+20
