# N_carbon( psi ) IN geq'S OWN GAUGE -- phi_0 pinned at one global
# point, psi_n = 0.5 on the midplane. NOT what meq::Species wants.
# Present so the comparison can assert that using it is WRONG.
#
#    psi            f( psi )        f'( psi )
5.63780116139572449e-03 1.23187430581134736e+17 -6.32680583133122970e+18
5.69684742287450158e-03 1.22818466395702848e+17 -6.17111315827825664e+18
5.75589368435327955e-03 1.22458614723133744e+17 -6.01814055620537242e+18
5.81493994583205664e-03 1.22107716453096992e+17 -5.86783747664453530e+18
5.87398620731083374e-03 1.21765615416307680e+17 -5.72015484299906560e+18
5.93303246878961084e-03 1.21432158298768848e+17 -5.57504501208116019e+18
5.99207873026838880e-03 1.21107194558233056e+17 -5.43246173681397658e+18
6.05112499174716590e-03 1.20790576342850960e+17 -5.29236013005938893e+18
6.11017125322594300e-03 1.20482158411902848e+17 -5.15469662953035878e+18
6.16921751470472096e-03 1.20181798058585360e+17 -5.01942896375170253e+18
6.22826377618349806e-03 1.19889355034777408e+17 -4.88651611903195136e+18
6.28731003766227516e-03 1.19604691477716800e+17 -4.75591830741056717e+18
6.34635629914105225e-03 1.19327671838552816e+17 -4.62759693554731622e+18
6.40540256061983022e-03 1.19058162812705152e+17 -4.50151457452018432e+18
6.46444882209860731e-03 1.18796033271975248e+17 -4.37763493049990963e+18
6.52349508357738441e-03 1.18541154198373168e+17 -4.25592281627089459e+18
6.58254134505616151e-03 1.18293398619591856e+17 -4.13634412356794675e+18
6.64158760653493947e-03 1.18052641546099744e+17 -4.01886579620080026e+18
6.70063386801371657e-03 1.17818759909795216e+17 -3.90345580393810330e+18
6.75968012949249367e-03 1.17591632504176256e+17 -3.79008311712391578e+18
6.81872639097127163e-03 1.17371139925997280e+17 -3.67871768200114022e+18
6.87777265245004873e-03 1.17157164518350896e+17 -3.56933039671598285e+18
6.93681891392882582e-03 1.16949590315165488e+17 -3.46189308798003456e+18
6.99586517540760379e-03 1.16748302987033584e+17 -3.35637848836491725e+18
7.05491143688638089e-03 1.16553189788396144e+17 -3.25276021420856474e+18
7.11395769836515798e-03 1.16364139505985520e+17 -3.15101274410913485e+18
7.17300395984393508e-03 1.16181042408538192e+17 -3.05111139798653030e+18
7.23205022132271218e-03 1.16003790197723264e+17 -2.95303231669015347e+18
7.29109648280149014e-03 1.15832284832301488e+17 -2.85615330562415104e+18
7.35014274428026724e-03 1.15666506133012752e+17 -2.75900401427847424e+18
7.40918900575904434e-03 1.15506473890545328e+17 -2.66150906240326195e+18
7.46823526723782230e-03 1.15352208821285328e+17 -2.56365802500069990e+18
7.52728152871659940e-03 1.15203732265338832e+17 -2.46544019980333414e+18
7.58632779019537649e-03 1.15061066203021136e+17 -2.36684460368774144e+18
7.64537405167415446e-03 1.14924233271543776e+17 -2.26785996894899174e+18
7.70442031315293156e-03 1.14793256781924096e+17 -2.16847473943295232e+18
7.76346657463170865e-03 1.14668160736146400e+17 -2.06867706652337920e+18
7.82251283611048662e-03 1.14548969844547056e+17 -1.96845480497952922e+18
7.88155909758926285e-03 1.14435709543454928e+17 -1.86779550862111309e+18
7.94060535906804081e-03 1.14328406013096048e+17 -1.76668642585683814e+18
7.99965162054681878e-03 1.14227086195760480e+17 -1.66511449505248768e+18
8.05869788202559501e-03 1.14131777814245104e+17 -1.56306633973469005e+18
8.11774414350437297e-03 1.14042509390600784e+17 -1.46052826362656640e+18
8.17679040498315093e-03 1.13959310265156688e+17 -1.35748624551051699e+18
8.23583666646192716e-03 1.13882210615865968e+17 -1.25392593391436237e+18
8.29488292794070513e-03 1.13811241477967472e+17 -1.14983264161615539e+18
8.35392918941948309e-03 1.13746434763978912e+17 -1.04519133996316518e+18
8.41297545089825932e-03 1.13687823284024608e+17 -9.39986653000266368e+17
8.47202171237703729e-03 1.13635439897855184e+17 -8.34295188903491200e+17
8.53106797385581525e-03 1.13589296203522608e+17 -7.28706342012755328e+17
8.59011423533459148e-03 1.13549381282637920e+17 -6.23312842443566208e+17
8.64916049681336944e-03 1.13515684115669136e+17 -5.18097258123368768e+17
8.70820675829214567e-03 1.13488194710321040e+17 -4.13042226370205440e+17
8.76725301977092364e-03 1.13466904097562064e+17 -3.08130449063089600e+17
8.82629928124969987e-03 1.13451804327966080e+17 -2.03344687845223712e+17
8.88534554272847783e-03 1.13442888468322832e+17 -9.86677593579240160e+16
8.94439180420725580e-03 1.13440150598520784e+17 5.91746949652990100e+15
9.00343806568603203e-03 1.13443585808730704e+17 1.10428086264953088e+17
9.06248432716480999e-03 1.13453190196848800e+17 2.14881137628124160e+17
9.12153058864358796e-03 1.13468960866223120e+17 3.19293634062241920e+17
9.18057685012236419e-03 1.13490895923652864e+17 4.23682554478792832e+17
9.23962311160114215e-03 1.13518994477654656e+17 5.28064850844581888e+17
9.29866937307992011e-03 1.13553256637020432e+17 6.32457452783815936e+17
9.35771563455869634e-03 1.13593683509621520e+17 7.36877272163833728e+17
9.41676189603747431e-03 1.13640277201503280e+17 8.41341207666415360e+17
9.47580815751625227e-03 1.13693040816235568e+17 9.45866149346261504e+17
9.53485441899502850e-03 1.13751978454540800e+17 1.05046898317849357e+18
9.59390068047380647e-03 1.13817095214183904e+17 1.15516659559680051e+18
9.65294694195258443e-03 1.13888397190143696e+17 1.25997587802413645e+18
9.71199320343136066e-03 1.13965891475021696e+17 1.36491373139723110e+18
9.77103946491013862e-03 1.14049585656293440e+17 1.46995966998716954e+18
9.83008572638891659e-03 1.14139482816554256e+17 1.57501590853968384e+18
9.88913198786769282e-03 1.14235583627123104e+17 1.68009086731448192e+18
9.94817824934647078e-03 1.14337889675793824e+17 1.78520087749353242e+18
1.00072245108252487e-02 1.14446403512994032e+17 1.89036221494131072e+18
1.00662707723040250e-02 1.14561128648655952e+17 1.99559110445893376e+18
1.01253170337828012e-02 1.14682069549321040e+17 2.10090372399582131e+18
1.01843632952615809e-02 1.14809231635496032e+17 2.20631620882083584e+18
1.02434095567403571e-02 1.14942621279259152e+17 2.31184465565457613e+18
1.03024558182191334e-02 1.15082245802102528e+17 2.41750512676420659e+18
1.03615020796979113e-02 1.15228113473013008e+17 2.52331365402245683e+18
1.04205483411766893e-02 1.15380233506807872e+17 2.62928624293273754e+18
1.04795946026554655e-02 1.15538616062688560e+17 2.73543887662117171e+18
1.05386408641342435e-02 1.15703272243031456e+17 2.84178751979742874e+18
1.05976871256130215e-02 1.15874214092425728e+17 2.94834812268615117e+18
1.06567333870917977e-02 1.16051454596935072e+17 3.05513662492993075e+18
1.07157796485705756e-02 1.16235007683574272e+17 3.16216895946501530e+18
1.07748259100493536e-02 1.16424888220041792e+17 3.26946105637225216e+18
1.08338721715281298e-02 1.16621112014652816e+17 3.37702884670324480e+18
1.08929184330069078e-02 1.16823695816517120e+17 3.48488826628430080e+18
1.09519646944856858e-02 1.17032657315926224e+17 3.59305525949854259e+18
1.10110109559644620e-02 1.17248015144976400e+17 3.70154578304832154e+18
1.10700572174432400e-02 1.17469788878405056e+17 3.81037580969860147e+18
1.11291034789220179e-02 1.17697998865387472e+17 3.91953862177084467e+18
1.11881497404007942e-02 1.17932658896314064e+17 4.02881662167326157e+18
1.12471960018795721e-02 1.18173773316833904e+17 4.13816229558773606e+18
1.13062422633583501e-02 1.18421346515713472e+17 4.24758892698462310e+18
1.13652885248371263e-02 1.18675383661887504e+17 4.35710965860921139e+18
1.14243347863159043e-02 1.18935890696238528e+17 4.46673749524609946e+18
1.14833810477946822e-02 1.19202874323525104e+17 4.57648530639233126e+18
1.15424273092734585e-02 1.19476342004470320e+17 4.68636582884145869e+18
1.16014735707522347e-02 1.19756301947998528e+17 4.79639166917978010e+18
1.16605198322310144e-02 1.20042763103626400e+17 4.90657530619663155e+18
1.17195660937097906e-02 1.20335735153976624e+17 5.01692909320908902e+18
1.17786123551885669e-02 1.20635228507442656e+17 5.12746526030373274e+18
1.18376586166673466e-02 1.20941254290973152e+17 5.23819591649572250e+18
1.18967048781461228e-02 1.21253824342984928e+17 5.34913305180698214e+18
1.19557511396248990e-02 1.21572951206398768e+17 5.46028853926466765e+18
1.20147974011036770e-02 1.21898648121784128e+17 5.57167413682068685e+18
1.20738436625824549e-02 1.22230929020624256e+17 5.68330148919409664e+18
1.21328899240612312e-02 1.22569808518681088e+17 5.79518212963672781e+18
1.21919361855400091e-02 1.22915301909458480e+17 5.90732748162323149e+18
1.22509824470187871e-02 1.23267425157777088e+17 6.01974886046734848e+18
1.23100287084975633e-02 1.23626194893426832e+17 6.13245747486397850e+18
1.23690749699763413e-02 1.23991628404917760e+17 6.24546442835918336e+18
1.24281212314551193e-02 1.24363743633315664e+17 6.35878072074853990e+18
1.24871674929338955e-02 1.24742559166149456e+17 6.47241724940427264e+18
1.25462137544126735e-02 1.25128094231406128e+17 6.58638481053298074e+18
1.26052600158914514e-02 1.25520368288949168e+17 6.70065824805943706e+18
1.26643062773702277e-02 1.25919394623904704e+17 6.81508313607990784e+18
1.27233525388490056e-02 1.26325181384954096e+17 6.92964694018620006e+18
1.27823988003277836e-02 1.26737736994462528e+17 7.04435707245733786e+18
1.28414450618065598e-02 1.27157070306083744e+17 7.15922072951468544e+18
1.29004913232853378e-02 1.27583190592058032e+17 7.27424489278823014e+18
1.29595375847641157e-02 1.28016107530499872e+17 7.38943632868628070e+18
1.30185838462428920e-02 1.28455831192709696e+17 7.50480158867227238e+18
1.30776301077216682e-02 1.28902372030480464e+17 7.62034700924881613e+18
1.31366763692004479e-02 1.29355740863403216e+17 7.73607871185094554e+18
1.31957226306792241e-02 1.29815948866166384e+17 7.85200260264996045e+18
1.32547688921580004e-02 1.30283007555829168e+17 7.96812437226839040e+18
1.33138151536367801e-02 1.30756928779089904e+17 8.08444949540897792e+18
1.33728614151155563e-02 1.31237724699524880e+17 8.20098323039785370e+18
1.34319076765943325e-02 1.31725407784786160e+17 8.31773061864280064e+18
1.34909539380731105e-02 1.32219990793789344e+17 8.43469648401013658e+18
1.35500001995518884e-02 1.32721486763841696e+17 8.55188543211871334e+18
1.36090464610306647e-02 1.33229908997728768e+17 8.66930184955370906e+18
1.36680927225094426e-02 1.33745271050761840e+17 8.78694990300195430e+18
1.37271389839882206e-02 1.34267586717763360e+17 8.90483353830881690e+18
1.37861852454669968e-02 1.34796870020001280e+17 9.02295647945898701e+18
1.38452315069457748e-02 1.35333135192051280e+17 9.14132222748117504e+18
1.39042777684245528e-02 1.35876396668603632e+17 9.25993405927942349e+18
1.39633240299033290e-02 1.36426669071185456e+17 9.37879502639059763e+18
1.40223702913821070e-02 1.36983967194822944e+17 9.49790795367115981e+18
1.40814165528608849e-02 1.37548305994615248e+17 9.61727543791284429e+18
1.41404628143396612e-02 1.38119700547289184e+17 9.73689515528680243e+18
1.41995090758184391e-02 1.38698163559456592e+17 9.85667901144133632e+18
1.42585553372972171e-02 1.39283703194533328e+17 9.97659266084148634e+18
1.43176015987759933e-02 1.39876327100666064e+17 1.00966355228076831e+19
1.43766478602547713e-02 1.40476042882798496e+17 1.02168067143994593e+19
1.44356941217335475e-02 1.41082858084767360e+17 1.03371050484180562e+19
1.44947403832123255e-02 1.41696780171278576e+17 1.04575290313478246e+19
1.45537866446911034e-02 1.42317816509751072e+17 1.05780768612378030e+19
1.46128329061698797e-02 1.42945974352054128e+17 1.06987464255278264e+19
1.46718791676486576e-02 1.43581260816084160e+17 1.08195352988174418e+19
1.47309254291274356e-02 1.44223682867237792e+17 1.09404407405843374e+19
1.47899716906062118e-02 1.44873247299740512e+17 1.10614596928516035e+19
1.48490179520849898e-02 1.45529960717813728e+17 1.11825887778049659e+19
1.49080642135637677e-02 1.46193829516736512e+17 1.13038242953667133e+19
1.49671104750425440e-02 1.46864859863736288e+17 1.14251622207237591e+19
1.50261567365213219e-02 1.47543057678739168e+17 1.15465982018146632e+19
1.50852029980000982e-02 1.48228428614975424e+17 1.16681275567778263e+19
1.51442492594788761e-02 1.48920978039430528e+17 1.17897452713625887e+19
1.52032955209576541e-02 1.49620711013136480e+17 1.19114459963054264e+19
1.52623417824364303e-02 1.50327632271317504e+17 1.20332240446748631e+19
1.53213880439152083e-02 1.51041746203367520e+17 1.21550733891860091e+19
1.53804343053939863e-02 1.51763056832682304e+17 1.22769876594891366e+19
1.54394805668727625e-02 1.52491567796313312e+17 1.23989601394322862e+19
1.54985268283515405e-02 1.53227282324468224e+17 1.25209837643026719e+19
1.55575730898303184e-02 1.53970203219856320e+17 1.26430511180494234e+19
1.56166193513090946e-02 1.54720332836854336e+17 1.27651544304884552e+19
1.56756656127878743e-02 1.55477673060516768e+17 1.28872855744941752e+19
1.57347118742666506e-02 1.56242225285402240e+17 1.30094360631785308e+19
1.57937581357454268e-02 1.57013990405608832e+17 1.31315982318597468e+19
1.58528043972242030e-02 1.57792969061702048e+17 1.32537704520638444e+19
1.59118506587029793e-02 1.58579161636265984e+17 1.33759446554641920e+19
1.59708969201817590e-02 1.59372567960415392e+17 1.34981110938123346e+19
1.60299431816605387e-02 1.60173187278774272e+17 1.36202596495284838e+19
1.60889894431393149e-02 1.60981018227585472e+17 1.37423798328720548e+19
1.61480357046180911e-02 1.61796058812659808e+17 1.38644607791206912e+19
1.62070819660968674e-02 1.62618306387143488e+17 1.39864912457590129e+19
1.62661282275756436e-02 1.63447757629135264e+17 1.41084596096828396e+19
1.63251744890544233e-02 1.64284408519124928e+17 1.42303538644194836e+19
1.63842207505332030e-02 1.65128254317282304e+17 1.43521616173698785e+19
1.64432670120119792e-02 1.65979289540571232e+17 1.44738700870733312e+19
1.65023132734907554e-02 1.66837507939708640e+17 1.45954661005000008e+19
1.65613595349695317e-02 1.67702902475974048e+17 1.47169360903747195e+19
1.66204057964483079e-02 1.68575465297837376e+17 1.48382660925326377e+19
1.66794520579270876e-02 1.69455187717463520e+17 1.49594417433151570e+19
1.67384983194058638e-02 1.70342060187031104e+17 1.50804482770039644e+19
1.67975445808846435e-02 1.71236072274933376e+17 1.52012705233025188e+19
1.68565908423634198e-02 1.72137212641801664e+17 1.53218929048632627e+19
1.69156371038421960e-02 1.73045469016413408e+17 1.54422994348693094e+19
1.69746833653209722e-02 1.73960828171434656e+17 1.55624737146698732e+19
1.70337296267997519e-02 1.74883275899033312e+17 1.56823989314759639e+19
1.70927758882785281e-02 1.75812796986368000e+17 1.58020578561205760e+19
1.71518221497573078e-02 1.76749375190929152e+17 1.59214328408846397e+19
1.72108684112360841e-02 1.77692993215774208e+17 1.60405058173963182e+19
1.72699146727148603e-02 1.78643632684606528e+17 1.61592582946026332e+19
1.73289609341936365e-02 1.79601274116787616e+17 1.62776713568252436e+19
1.73880071956724128e-02 1.80565896902196576e+17 1.63957256618963415e+19
1.74470534571511925e-02 1.81537479275992128e+17 1.65134014393833902e+19
1.75060997186299722e-02 1.82515998311209152e+17 1.66306824509627720e+19
1.75651459801087484e-02 1.83501432558250208e+17 1.67476502022892667e+19
1.76241922415875246e-02 1.84493764927798752e+17 1.68643309080800154e+19
1.76832385030663009e-02 1.85492977935786624e+17 1.69807063800569242e+19
1.77422847645450771e-02 1.86499053012976416e+17 1.70967580501409833e+19
1.78013310260238568e-02 1.87511970482511040e+17 1.72124669688764539e+19
1.78603772875026365e-02 1.88531709537342496e+17 1.73278138039350886e+19
1.79194235489814127e-02 1.89558248217582624e+17 1.74427788387073720e+19
1.79784698104601889e-02 1.90591563387771968e+17 1.75573419709834793e+19
1.80375160719389652e-02 1.91631630714072160e+17 1.76714827117274890e+19
1.80965623334177414e-02 1.92678424641405056e+17 1.77851801839501230e+19
1.81556085948965211e-02 1.93731918370498304e+17 1.78984131216793334e+19
1.82146548563752973e-02 1.94792083834897920e+17 1.80111598690374758e+19
1.82737011178540770e-02 1.95858891677916896e+17 1.81233983794253578e+19
1.83327473793328533e-02 1.96932311229552960e+17 1.82351062148193341e+19
1.83917936408116295e-02 1.98012310483346112e+17 1.83462605451818947e+19
1.84508399022904057e-02 1.99098856073226784e+17 1.84568381479936492e+19
1.85098861637691854e-02 2.00191913250319360e+17 1.85668154079065498e+19
1.85689324252479616e-02 2.01291445859754048e+17 1.86761683165265428e+19
1.86279786867267413e-02 2.02397416317444352e+17 1.87848724723247923e+19
1.86870249482055176e-02 2.03509785586886336e+17 1.88929030806859121e+19
1.87460712096842938e-02 2.04628513155934080e+17 1.90002349540921672e+19
1.88051174711630700e-02 2.05753557013625376e+17 1.91068425124537385e+19
1.88641637326418497e-02 2.06884873627016480e+17 1.92126997835843789e+19
1.89232099941206260e-02 2.08022417918039392e+17 1.93177804038269542e+19
1.89822562555994057e-02 2.09166143240410656e+17 1.94220576188346532e+19
1.90413025170781819e-02 2.10316001356586464e+17 1.95255042845107323e+19
1.91003487785569581e-02 2.11471942414794752e+17 1.96280928681126052e+19
1.91593950400357343e-02 2.12633914926107008e+17 1.97297954495202099e+19
1.92184413015145106e-02 2.13801865741623712e+17 1.98305837226783662e+19
1.92774875629932903e-02 2.14975740029710144e+17 1.99304289972107305e+19
1.93365338244720700e-02 2.16155481603739776e+17 2.00293369466800906e+19
1.93955800859508462e-02 2.17341040192887552e+17 2.01274785014638551e+19
1.94546263474296224e-02 2.18532371377310656e+17 2.02248608054110577e+19
1.95136726089083987e-02 2.19729429610090720e+17 2.03214595554545746e+19
1.95727188703871749e-02 2.20932167900270048e+17 2.04172501430546678e+19
1.96317651318659546e-02 2.22140537794877888e+17 2.05122076555121459e+19
1.96908113933447308e-02 2.23354489360985984e+17 2.06063068774084813e+19
1.97498576548235105e-02 2.24573971167897632e+17 2.06995222921844449e+19
1.98089039163022868e-02 2.25798930269400256e+17 2.07918280838528000e+19
1.98679501777810630e-02 2.27029312186161760e+17 2.08831981388542894e+19
1.99269964392598392e-02 2.28265060888194304e+17 2.09736060480518963e+19
1.99860427007386189e-02 2.29506118777483200e+17 2.10630251088741745e+19
2.00450889622173951e-02 2.30752426670718048e+17 2.11514283276038390e+19
2.01041352236961748e-02 2.32003923782167872e+17 2.12387884218170778e+19
2.01631814851749511e-02 2.33260547706723104e+17 2.13250778229777981e+19
2.02222277466537273e-02 2.34522234403075392e+17 2.14102686791856292e+19
2.02812740081325035e-02 2.35788918177069536e+17 2.14943328580827587e+19
2.03403202696112832e-02 2.37060531665233184e+17 2.15772419499217633e+19
2.03993665310900595e-02 2.38337005818494272e+17 2.16589672707970621e+19
2.04584127925688392e-02 2.39618269886099264e+17 2.17394798660427940e+19
2.05174590540476154e-02 2.40904251399716736e+17 2.18187505137973125e+19
2.05765053155263916e-02 2.42194876157773152e+17 2.18967497287401800e+19
2.06355515770051678e-02 2.43490068210026688e+17 2.19734477660036588e+19
2.06945978384839441e-02 2.44789749842339392e+17 2.20488146252566282e+19
2.07536440999627238e-02 2.46093841561737024e+17 2.21228200549703475e+19
2.08126903614415035e-02 2.47402262081684416e+17 2.21954335568610796e+19
2.08717366229202797e-02 2.48714928307675712e+17 2.22666243905197466e+19
2.09307828843990559e-02 2.50031755323073696e+17 2.23363615782239969e+19
2.09898291458778322e-02 2.51352656375224704e+17 2.24046139099363410e+19
2.10488754073566084e-02 2.52677542861916416e+17 2.24713499484954501e+19
2.11079216688353881e-02 2.54006324318121568e+17 2.25365380349968179e+19
2.11669679303141643e-02 2.55338908403041408e+17 2.26001462943647539e+19
2.12260141917929440e-02 2.56675201019532608e+17 2.26621620325627863e+19
2.12850604532717202e-02 2.58015113452397536e+17 2.27227902967952916e+19
2.13441067147504965e-02 2.59358566194327712e+17 2.27820741870128210e+19
2.14031529762292762e-02 2.60705479102497248e+17 2.28399878493391831e+19
2.14621992377080524e-02 2.62055770503218080e+17 2.28965052852007199e+19
2.15212454991868286e-02 2.63409357183507456e+17 2.29516003556913766e+19
2.15802917606656049e-02 2.64766154382960256e+17 2.30052467860701225e+19
2.16393380221443846e-02 2.66126075785836000e+17 2.30574181703831265e+19
2.16983842836231608e-02 2.67489033513471936e+17 2.31080879762206024e+19
2.17574305451019370e-02 2.68854938116944512e+17 2.31572295496017019e+19
2.18164768065807167e-02 2.70223698570055712e+17 2.32048161199942902e+19
2.18755230680594930e-02 2.71595222262595232e+17 2.32508208054653706e+19
2.19345693295382692e-02 2.72969414993898432e+17 2.32952166179639255e+19
2.19936155910170489e-02 2.74346180966772672e+17 2.33379764687424430e+19
2.20526618524958251e-02 2.75725422781697600e+17 2.33790731739089142e+19
2.21117081139746013e-02 2.77107041431370432e+17 2.34184794601152471e+19
2.21707543754533810e-02 2.78490936295606976e+17 2.34561679703829012e+19
2.22298006369321573e-02 2.79877005136569056e+17 2.34921112700629320e+19
2.22888468984109335e-02 2.81265144094361632e+17 2.35262818529338941e+19
2.23478931598897132e-02 2.82655247683000160e+17 2.35586521474372936e+19
2.24069394213684894e-02 2.84047208786710048e+17 2.35891945230469939e+19
2.24659856828472657e-02 2.85440918656674432e+17 2.36178812967817953e+19
2.25250319443260454e-02 2.86836266908106368e+17 2.36446847398503956e+19
2.25840782058048216e-02 2.88233141517751616e+17 2.36695770844369510e+19
2.26431244672835978e-02 2.89631428821794112e+17 2.36925305306243482e+19
2.27021707287623775e-02 2.91031013514156288e+17 2.37135172534536724e+19
2.27612169902411537e-02 2.92431778645233920e+17 2.37325094101225882e+19
2.28202632517199300e-02 2.93833605621077312e+17 2.37494791473225728e+19
2.28793095131987097e-02 2.95236374202959680e+17 2.37643986087093740e+19
2.29383557746774859e-02 2.96639962507451136e+17 2.37772399425153679e+19
2.29974020361562621e-02 2.98044247006897984e+17 2.37879753092945224e+19
2.30564482976350384e-02 2.99449102530390912e+17 2.37965768898057667e+19
2.31154945591138181e-02 3.00854402265193984e+17 2.38030168930312192e+19
2.31745408205925943e-02 3.02260017758640512e+17 2.38072675643285299e+19
2.32335870820713705e-02 3.03665820206087104e+17 2.38093893147316634e+19
2.32926333435501502e-02 3.05071690736021504e+17 2.38095787814833644e+19
2.33516796050289265e-02 3.06477515185200832e+17 2.38078248718546043e+19
2.34107258665077027e-02 3.07883178166225472e+17 2.38041059776733184e+19
2.34697721279864824e-02 3.09288563017955456e+17 2.37984005642574152e+19
2.35288183894652586e-02 3.10693551810032576e+17 2.37906871766199869e+19
2.35878646509440348e-02 3.12098025347764800e+17 2.37809444457497149e+19
2.36469109124228145e-02 3.13501863177398720e+17 2.37691510949669274e+19
2.37059571739015908e-02 3.14904943591756288e+17 2.37552859463525745e+19
2.37650034353803670e-02 3.16307143636253824e+17 2.37393279272496824e+19
2.38240496968591467e-02 3.17708339115308224e+17 2.37212560768366264e+19
2.38830959583379229e-02 3.19108404599172800e+17 2.37010495527737876e+19
2.39421422198166992e-02 3.20507213431065152e+17 2.36786876379117814e+19
2.40011884812954789e-02 3.21904637734813696e+17 2.36541497470767964e+19
2.40602347427742551e-02 3.23300548422840640e+17 2.36274154339177390e+19
2.41192810042530313e-02 3.24694815204537856e+17 2.35984643978178642e+19
2.41783272657318110e-02 3.26087306595111616e+17 2.35672764908747489e+19
2.42373735272105872e-02 3.27477889924777920e+17 2.35338317249383014e+19
2.42964197886893635e-02 3.28866431348434240e+17 2.34981102787141714e+19
2.43554660501681432e-02 3.30252795855690560e+17 2.34600925049221693e+19
2.44145123116469194e-02 3.31636847281382784e+17 2.34197589375170437e+19
2.44735585731256956e-02 3.33018448316474368e+17 2.33770902989625098e+19
2.45326048346044719e-02 3.34397460519417152e+17 2.33320675075620454e+19
2.45916510960832516e-02 3.35773744327914304e+17 2.32846716848402063e+19
2.46506973575620278e-02 3.37147159071145408e+17 2.32348841629767434e+19
2.47097436190408040e-02 3.38517562982437888e+17 2.31826864922903429e+19
2.47687898805195837e-02 3.39884813212357376e+17 2.31280604487677788e+19
2.48278361419983599e-02 3.41248765842248640e+17 2.30709880416388628e+19
2.48868824034771362e-02 3.42609275898254336e+17 2.30114515209964749e+19
2.49459286649559159e-02 3.43966197365745920e+17 2.29494333854551122e+19
2.50049749264346921e-02 3.45319383204237184e+17 2.28849163898504438e+19
2.50640211879134683e-02 3.46668685362717120e+17 2.28178835529731809e+19
2.51230674493922480e-02 3.48013954795488832e+17 2.27483181653407375e+19
2.51821137108710243e-02 3.49355041478452032e+17 2.26762037969999831e+19
2.52411599723498005e-02 3.50691794425804416e+17 2.26015243053570785e+19
2.53002062338285802e-02 3.52024062620823936e+17 2.25243289284637450e+19
2.53592524953073564e-02 3.53351703157800576e+17 2.24447839450210017e+19
2.54182987567861327e-02 3.54674577519175296e+17 2.23628883588224532e+19
2.54773450182649124e-02 3.55992546580784128e+17 2.22786310444424356e+19
2.55363912797436886e-02 3.57305470570027136e+17 2.21920011647062426e+19
2.55954375412224648e-02 3.58613209083057536e+17 2.21029881764815421e+19
2.56544838027012445e-02 3.59915621102326784e+17 2.20115818364646932e+19
2.57135300641800207e-02 3.61212565014449152e+17 2.19177722069576909e+19
2.57725763256587970e-02 3.62503898628424448e+17 2.18215496616362230e+19
2.58316225871375767e-02 3.63789479194180736e+17 2.17229048913043866e+19
2.58906688486163529e-02 3.65069163421476672e+17 2.16218289096365670e+19
2.59497151100951291e-02 3.66342807499142976e+17 2.15183130589029949e+19
2.60087613715739088e-02 3.67610267114634816e+17 2.14123490156754166e+19
2.60678076330526851e-02 3.68871397473954880e+17 2.13039287965142589e+19
2.61268538945314613e-02 3.70126053321898432e+17 2.11930447636322550e+19
2.61859001560102375e-02 3.71374088962603072e+17 2.10796896305314488e+19
2.62449464174890172e-02 3.72615358280491008e+17 2.09638564676166164e+19
2.63039926789677934e-02 3.73849714761486848e+17 2.08455387077760328e+19
2.63630389404465697e-02 3.75077011514595200e+17 2.07247301519323628e+19
2.64220852019253494e-02 3.76297101293773952e+17 2.06014249745578189e+19
2.64811314634041256e-02 3.77509836520181696e+17 2.04756177291558216e+19
2.65401777248829018e-02 3.78715069304714176e+17 2.03473033537020805e+19
2.65992239863616815e-02 3.79912651470835776e+17 2.02164771760434094e+19
2.66582702478404578e-02 3.81102434577801344e+17 2.00831349192570839e+19
2.67173165093192340e-02 3.82284269944101632e+17 1.99472727069595402e+19
2.67763627707980137e-02 3.83458008671317888e+17 1.98088870685721149e+19
2.68354090322767899e-02 3.84623501668226624e+17 1.96679749445329674e+19
2.68944552937555661e-02 3.85780599675171904e+17 1.95245336914540626e+19
2.69535015552343458e-02 3.86929153288863872e+17 1.93785610872290509e+19
2.70125478167131221e-02 3.88069012987347968e+17 1.92300553360764887e+19
2.70715940781918983e-02 3.89200029155355904e+17 1.90790150735271076e+19
2.71306403396706780e-02 3.90322052109893760e+17 1.89254393713452892e+19
2.71896866011494542e-02 3.91434932126173824e+17 1.87693277423878963e+19
2.72487328626282305e-02 3.92538519463774016e+17 1.86106801453923779e+19
2.73077791241070102e-02 3.93632664393112960e+17 1.84494969896960696e+19
2.73668253855857864e-02 3.94717217222207808e+17 1.82857791398829179e+19
2.74258716470645626e-02 3.95792028353618816e+17 1.81195334615149691e+19
2.74849179085433423e-02 3.96856951164455104e+17 1.79508649384479212e+19
2.75439641700221186e-02 3.97911844430149760e+17 1.77798159243035095e+19
2.76030104315008948e-02 3.98956567715134976e+17 1.76063906757212262e+19
2.76620566929796710e-02 3.99990980848088384e+17 1.74305938876167168e+19
2.77211029544584507e-02 4.01014943947920192e+17 1.72524306962673766e+19
2.77801492159372269e-02 4.02028317449948672e+17 1.70719066823114076e+19
2.78391954774160032e-02 4.03030962132164288e+17 1.68890278736543293e+19
2.78982417388947829e-02 4.04022739141774400e+17 1.67038007482895237e+19
2.79572880003735591e-02 4.05003510021848448e+17 1.65162322370232852e+19
2.80163342618523353e-02 4.05973136738113344e+17 1.63263297261048812e+19
2.80753805233311150e-02 4.06931481705946496e+17 1.61341010597618954e+19
2.81344267848098913e-02 4.07878407817470080e+17 1.59395545426351124e+19
2.81934730462886675e-02 4.08813778468823680e+17 1.57426989421145190e+19
2.82525193077674472e-02 4.09737457587530688e+17 1.55435434905713951e+19
2.83115655692462234e-02 4.10649309660052352e+17 1.53420978874883973e+19
2.83706118307249996e-02 4.11549199759394176e+17 1.51383723014809969e+19
2.84296580922037793e-02 4.12436993572886720e+17 1.49323773722131722e+19
2.84887043536825556e-02 4.13312557430026880e+17 1.47241242122016543e+19
2.85477506151613318e-02 4.14175758330492736e+17 1.45136244085110907e+19
2.86067968766401115e-02 4.15026463972166592e+17 1.43008900243328696e+19
2.86658431381188877e-02 4.15864542779313344e+17 1.40859336004511846e+19
2.87248893995976640e-02 4.16689863930817792e+17 1.38687681565915034e+19
2.87839356610764437e-02 4.17502297388501184e+17 1.36494071926506598e+19
2.88429819225552199e-02 4.18301713925515904e+17 1.34278646898071081e+19
2.89020281840339961e-02 4.19087985154769344e+17 1.32041551115082301e+19
2.89610744455127758e-02 4.19860983557449984e+17 1.29782934043358413e+19
2.90201207069915521e-02 4.20620582511574272e+17 1.27502949987457270e+19
2.90791669684703283e-02 4.21366656320543296e+17 1.25201758096796529e+19
2.91382132299491045e-02 4.22099080241830656e+17 1.22879522370522808e+19
2.91972594914278842e-02 4.22817730515557632e+17 1.20536411661041910e+19
2.92563057529066604e-02 4.23522484393207936e+17 1.18172599676275220e+19
2.93153520143854367e-02 4.24213220166283264e+17 1.15788264980568945e+19
2.93743982758642164e-02 4.24889817194963008e+17 1.13383590994265559e+19
2.94334445373429926e-02 4.25552155936808512e+17 1.10958765991934976e+19
2.94924907988217688e-02 4.26200117975377728e+17 1.08513983099218678e+19
2.95515370603005485e-02 4.26833586048886656e+17 1.06049440288312320e+19
2.96105833217793248e-02 4.27452444078785088e+17 1.03565340372041851e+19
2.96696295832581010e-02 4.28056577209927552e+17 1.01061904429171405e+19
2.97286758447368807e-02 4.28645872191041024e+17 9.85394495157427814e+18
2.97877221062156569e-02 4.29220217469168576e+17 9.59982156668593152e+18
2.98467683676944331e-02 4.29779502817100288e+17 9.34384256632664474e+18
2.99058146291732128e-02 4.30323619337057536e+17 9.08603070254069760e+18
2.99648608906519891e-02 4.30852459488652864e+17 8.82640919982166426e+18
3.00239071521307653e-02 4.31365917116713792e+17 8.56500175344582963e+18
3.00829534136095450e-02 4.31863887479049216e+17 8.30183252766040883e+18
3.01419996750883212e-02 4.32346267274068032e+17 8.03692615372410368e+18
3.02010459365670975e-02 4.32812954668305216e+17 7.77030772780051558e+18
3.02600921980458772e-02 4.33263849323797568e+17 7.50200280870269952e+18
3.03191384595246534e-02 4.33698852425322048e+17 7.23203741548871782e+18
3.03781847210034296e-02 4.34117866707533824e+17 6.96043802490827571e+18
3.04372309824822093e-02 4.34520796481875008e+17 6.68723156869783347e+18
3.04962772439609855e-02 4.34907547663353536e+17 6.41244543072561459e+18
3.05553235054397618e-02 4.35278027797201024e+17 6.13610744398616883e+18
3.06143697669185380e-02 4.35632146085228672e+17 5.85824588744153293e+18
3.06734160283973177e-02 4.35969813412130880e+17 5.57888948271250330e+18
3.07324622898760939e-02 4.36290942371471552e+17 5.29806739061599744e+18
3.07915085513548702e-02 4.36595447291542272e+17 5.01580920755107328e+18
3.08505548128336499e-02 4.36883244260936960e+17 4.73214496173151232e+18
3.09096010743124261e-02 4.37154251153977536e+17 4.44710510926658714e+18
3.09686473357912023e-02 4.37408387655847680e+17 4.16072053008832256e+18
3.10276935972699820e-02 4.37645575287440960e+17 3.87302252372569242e+18
3.10867398587487583e-02 4.37865737430095232e+17 3.58404280492743629e+18
3.11457861202275345e-02 4.38068799349917632e+17 3.29381349913084621e+18
3.12048323817063142e-02 4.38254688221902912e+17 3.00236713777884672e+18
3.12638786431850904e-02 4.38423333153789376e+17 2.70973665348501658e+18
3.13229249046638666e-02 4.38574665209575296e+17 2.41595537504640154e+18
3.13819711661426498e-02 4.38708617432773312e+17 2.12105702230516403e+18
3.14410174276214260e-02 4.38825124869345088e+17 1.82507570085911501e+18
3.15000636891002023e-02 4.38924124590296704e+17 1.52804589662166374e+18
3.15591099505789785e-02 4.39005555714030144e+17 1.23000247023215846e+18
3.16181562120577547e-02 4.39069359428210048e+17 9.30980651316365056e+17
3.16772024735365310e-02 4.39115479011465408e+17 6.31016032598982400e+17
3.17362487350153072e-02 4.39143859854595456e+17 3.30144563867860288e+17
3.17952949964940834e-02 4.39154449481502272e+17 2.84025457914635120e+16
3.18543412579728596e-02 4.39147197569688896e+17 -2.74173376409839872e+17
3.19133875194516428e-02 4.39122055970468928e+17 -5.77546219437591808e+17
3.19724337809304190e-02 4.39078978715300672e+17 -8.81681761339318912e+17
3.20314800424091953e-02 4.39017919811871616e+17 -1.18662848824157133e+18
3.20905263038879784e-02 4.38938830776976768e+17 -1.49238743091916749e+18
3.21495725653667547e-02 4.38841664784676224e+17 -1.79892017440346240e+18
3.22086188268455309e-02 4.38726377287838336e+17 -2.10618794709164211e+18
3.22676650883243071e-02 4.38592926039025792e+17 -2.41415162785644390e+18
3.23267113498030834e-02 4.38441271110882688e+17 -2.72277175331586970e+18
3.23857576112818596e-02 4.38271374916137280e+17 -3.03200852526214605e+18
3.24448038727606358e-02 4.38083202227161216e+17 -3.34182181824851968e+18
3.25038501342394121e-02 4.37876720195045568e+17 -3.65217118733226803e+18
3.25628963957181883e-02 4.37651898368255040e+17 -3.96301587597293568e+18
3.26219426571969645e-02 4.37408708710758720e+17 -4.27431482408358195e+18
3.26809889186757477e-02 4.37147125619758400e+17 -4.58602667623453850e+18
3.27400351801545239e-02 4.36867125942825792e+17 -4.89810979000632320e+18
3.27990814416333001e-02 4.36568688994650560e+17 -5.21052224449199309e+18
3.28581277031120833e-02 4.36251796573170624e+17 -5.52322184894479565e+18
3.29171739645908595e-02 4.35916432975311296e+17 -5.83616615157184102e+18
3.29762202260696358e-02 4.35562585012101696e+17 -6.14931244846918451e+18
3.30352664875484120e-02 4.35190242023287872e+17 -6.46261779269770445e+18
3.30943127490271882e-02 4.34799395891408384e+17 -6.77603900349728563e+18
3.31533590105059645e-02 4.34390041055371776e+17 -7.08953267563789926e+18
3.32124052719847407e-02 4.33962174523366208e+17 -7.40305518890271027e+18
3.32714515334635169e-02 4.33515795885316928e+17 -7.71656271770424422e+18
3.33304977949422931e-02 4.33050907324703808e+17 -8.03001124082836378e+18
3.33895440564210763e-02 4.32567513629830848e+17 -8.34335655130505216e+18
3.34485903178998525e-02 4.32065622204497024e+17 -8.65655426640266445e+18
3.35076365793786288e-02 4.31545243078085248e+17 -8.96955983774338048e+18
3.35666828408574119e-02 4.31006388915001856e+17 -9.28232856153583616e+18
3.36257291023361882e-02 4.30449075023615680e+17 -9.59481558892527206e+18
3.36847753638149644e-02 4.29873319364456960e+17 -9.90697593645346816e+18
3.37438216252937406e-02 4.29279142557875072e+17 -1.02187644966296883e+19
3.38028678867725169e-02 4.28666567891059776e+17 -1.05301360486077850e+19
3.38619141482512931e-02 4.28035621324401216e+17 -1.08410452689657938e+19
3.39209604097300693e-02 4.27386331497220032e+17 -1.11514467425855795e+19
3.39800066712088455e-02 4.26718729732864128e+17 -1.14612949736294441e+19
3.40390529326876218e-02 4.26032850043172608e+17 -1.17705443966104637e+19
3.40980991941663980e-02 4.25328729132223296e+17 -1.20791493875510374e+19
3.41571454556451812e-02 4.24606406399463296e+17 -1.23870642752288952e+19
3.42161917171239574e-02 4.23865923942192320e+17 -1.26942433525064581e+19
3.42752379786027336e-02 4.23107326557301248e+17 -1.30006408877371679e+19
3.43342842400815168e-02 4.22330661742420224e+17 -1.33062111362497065e+19
3.43933305015602930e-02 4.21535979035669760e+17 -1.36109613465384284e+19
3.44523767630390693e-02 4.20723322002279808e+17 -1.39150384823241605e+19
3.45114230245178455e-02 4.19892730872037760e+17 -1.42184125501318103e+19
3.45704692859966217e-02 4.19044248572527616e+17 -1.45210356413691064e+19
3.46295155474753980e-02 4.18177920862177344e+17 -1.48228597815941059e+19
3.46885618089541742e-02 4.17293796333754624e+17 -1.51238369431203328e+19
3.47476080704329504e-02 4.16391926417138944e+17 -1.54239190577312522e+19
3.48066543319117266e-02 4.15472365381339648e+17 -1.57230580294990131e+19
3.48657005933905098e-02 4.14535170335763328e+17 -1.60212057477036012e+19
3.49247468548692860e-02 4.13580401230673536e+17 -1.63183140998458921e+19
3.49837931163480623e-02 4.12608120856939392e+17 -1.66143349847541371e+19
3.50428393778268454e-02 4.11618394844959488e+17 -1.69092203257750446e+19
3.51018856393056217e-02 4.10611291662834880e+17 -1.72029220840479805e+19
3.51609319007843979e-02 4.09586882613731712e+17 -1.74953922718552269e+19
3.52199781622631741e-02 4.08545241832474560e+17 -1.77865829660454031e+19
3.52790244237419504e-02 4.07486446281335744e+17 -1.80764463215239352e+19
3.53380706852207266e-02 4.06410575745012288e+17 -1.83649345848052838e+19
3.53971169466995028e-02 4.05317712824846784e+17 -1.86520001076245463e+19
3.54561632081782790e-02 4.04207942932165632e+17 -1.89375953605978440e+19
3.55152094696570553e-02 4.03081354280906304e+17 -1.92216729469341819e+19
3.55742557311358315e-02 4.01938037879339776e+17 -1.95041856161847337e+19
3.56333019926146147e-02 4.00778087521042560e+17 -1.97850862780314993e+19
3.56923482540933909e-02 3.99601599775036672e+17 -2.00643280161062461e+19
3.57513945155721671e-02 3.98408673975104128e+17 -2.03418641018346209e+19
3.58104407770509503e-02 3.97199412208280832e+17 -2.06176480083002819e+19
3.58694870385297265e-02 3.95973919302548032e+17 -2.08916334241242890e+19
3.59285333000085028e-02 3.94732302813718336e+17 -2.11637742673542881e+19
3.59875795614872790e-02 3.93474673011422528e+17 -2.14340246993527521e+19
3.60466258229660552e-02 3.92201142864388800e+17 -2.17023391386886554e+19
3.61056720844448314e-02 3.90911828024820672e+17 -2.19686722750166344e+19
3.61647183459236077e-02 3.89606846811975168e+17 -2.22329790829430866e+19
3.62237646074023839e-02 3.88286320194945536e+17 -2.24952148358736364e+19
3.62828108688811601e-02 3.86950371774590592e+17 -2.27553351198327521e+19
3.63418571303599433e-02 3.85599127764704192e+17 -2.30132958472549458e+19
3.64009033918387195e-02 3.84232716972275456e+17 -2.32690532707325215e+19
3.64599496533174958e-02 3.82851270777061888e+17 -2.35225639967271117e+19
3.65189959147962789e-02 3.81454923110258176e+17 -2.37737849992258355e+19
3.65780421762750552e-02 3.80043810432388096e+17 -2.40226736333433979e+19
3.66370884377538314e-02 3.78618071710430016e+17 -2.42691876488647188e+19
3.66961346992326076e-02 3.77177848394074304e+17 -2.45132852037153096e+19
3.67551809607113839e-02 3.75723284391261056e+17 -2.47549248773625242e+19
3.68142272221901601e-02 3.74254526042889856e+17 -2.49940656841344123e+19
3.68732734836689363e-02 3.72771720865984896e+17 -2.52307570291240919e+19
3.69323197451477125e-02 3.71275005880399296e+17 -2.54652214758384763e+19
3.69913660066264888e-02 3.69764512999774784e+17 -2.56974308104414495e+19
3.70504122681052650e-02 3.68240376720453888e+17 -2.59273396907211489e+19
3.71094585295840412e-02 3.66702734205303296e+17 -2.61549031422213489e+19
3.71685047910628313e-02 3.65151725261514880e+17 -2.63800765740255232e+19
3.72275510525416076e-02 3.63587492317494080e+17 -2.66028157945034424e+19
3.72865973140203838e-02 3.62010180398822336e+17 -2.68230770270119526e+19
3.73456435754991600e-02 3.60419937103298944e+17 -2.70408169255421829e+19
3.74046898369779363e-02 3.58816912575030528e+17 -2.72559925903029248e+19
3.74637360984567125e-02 3.57201259477650432e+17 -2.74685615832382751e+19
3.75227823599354887e-02 3.55573132966591168e+17 -2.76784819434657382e+19
3.75818286214142649e-02 3.53932690660448000e+17 -2.78857122026293002e+19
3.76408748828930412e-02 3.52280092611450688e+17 -2.80902114001606410e+19
3.76999211443718174e-02 3.50615501275035456e+17 -2.82919390984396186e+19
3.77589674058505936e-02 3.48939081478516416e+17 -2.84908553978454467e+19
3.78180136673293699e-02 3.47251000388880192e+17 -2.86869209516921733e+19
3.78770599288081461e-02 3.45551427479703872e+17 -2.88800969810399683e+19
3.79361061902869362e-02 3.43840534497183040e+17 -2.90703452893724795e+19
3.79951524517657124e-02 3.42118495425333952e+17 -2.92576282771373097e+19
3.80541987132444887e-02 3.40385486450295040e+17 -2.94419089561344410e+19
3.81132449747232649e-02 3.38641685923829824e+17 -2.96231509637527388e+19
3.81722912362020411e-02 3.36887274325959552e+17 -2.98013185770398925e+19
3.82313374976808173e-02 3.35122434226780480e+17 -2.99763767266016338e+19
3.82903837591595936e-02 3.33347350247474624e+17 -3.01482910103224156e+19
3.83494300206383698e-02 3.31562209020514112e+17 -3.03170277068988989e+19
3.84084762821171460e-02 3.29767199149052160e+17 -3.04825537891769262e+19
3.84675225435959223e-02 3.27962511165545792e+17 -3.06448369372870615e+19
3.85265688050746985e-02 3.26148337489645184e+17 -3.08038455515736310e+19
3.85856150665534747e-02 3.24324872385238080e+17 -3.09595487652978319e+19
3.86446613280322648e-02 3.22492311916850496e+17 -3.11119164571250975e+19
3.87037075895110411e-02 3.20650853905245184e+17 -3.12609192633732997e+19
3.87627538509898173e-02 3.18800697882340672e+17 -3.14065285900244255e+19
3.88218001124685935e-02 3.16942045045403328e+17 -3.15487166244867727e+19
3.88808463739473698e-02 3.15075098210584320e+17 -3.16874563471059927e+19
3.89398926354261460e-02 3.13200061765752384e+17 -3.18227215424114934e+19
3.89989388969049222e-02 3.11317141622689024e+17 -3.19544868100962796e+19
3.90579851583836984e-02 3.09426545168638592e+17 -3.20827275757210665e+19
3.91170314198624747e-02 3.07528481217239552e+17 -3.22074201011367731e+19
3.91760776813412509e-02 3.05623159958834816e+17 -3.23285414946168095e+19
3.92351239428200271e-02 3.03710792910204160e+17 -3.24460697206952182e+19
3.92941702042988034e-02 3.01791592863735296e+17 -3.25599836097042637e+19
3.93532164657775796e-02 2.99865773835995264e+17 -3.26702628669990134e+19
3.94122627272563697e-02 2.97933550708450880e+17 -3.27769252410084352e+19
3.94713089887351459e-02 2.95995128904481408e+17 -3.28802619204363878e+19
3.95303552502139222e-02 2.94050702235905536e+17 -3.29803157875046113e+19
3.95894015116926984e-02 2.92100465365791744e+17 -3.30770590279045612e+19
3.96484477731714746e-02 2.90144614574766720e+17 -3.31704646689418035e+19
3.97074940346502508e-02 2.88183347710908352e+17 -3.32605065927492321e+19
3.97665402961290271e-02 2.86216864138909408e+17 -3.33471595492128358e+19
3.98255865576078033e-02 2.84245364688457408e+17 -3.34303991685923144e+19
3.98846328190865795e-02 2.82269051601882816e+17 -3.35102019738312253e+19
3.99436790805653558e-02 2.80288128481097888e+17 -3.35865453925478031e+19
4.00027253420441320e-02 2.78302800233839104e+17 -3.36594077686970081e+19
4.00617716035229082e-02 2.76313273019210944e+17 -3.37287683738918420e+19
4.01208178650016983e-02 2.74319754192603232e+17 -3.37946074183817830e+19
4.01798641264804746e-02 2.72322452249931072e+17 -3.38569060616708342e+19
4.02389103879592508e-02 2.70321576771300096e+17 -3.39156464227767665e+19
4.02979566494380270e-02 2.68317338364045248e+17 -3.39708115901141156e+19
4.03570029109168033e-02 2.66309948605220544e+17 -3.40223856309998019e+19
4.04160491723955795e-02 2.64299619983506624e+17 -3.40703536007662674e+19
4.04750954338743557e-02 2.62286565840641152e+17 -3.41147015514848870e+19
4.05341416953531319e-02 2.60271000312287392e+17 -3.41554165402780221e+19
4.05931879568319082e-02 2.58253138268480512e+17 -3.41924866372275896e+19
4.06522342183106844e-02 2.56233195253576288e+17 -3.42259009328596787e+19
4.07112804797894606e-02 2.54211387425798080e+17 -3.42556495452077875e+19
4.07703267412682369e-02 2.52187931496357600e+17 -3.42817236264412897e+19
4.08293730027470131e-02 2.50163044668216992e+17 -3.43041153690582467e+19
4.08884192642258032e-02 2.48136944574475488e+17 -3.43228180116305592e+19
4.09474655257045794e-02 2.46109849216477376e+17 -3.43378258441051341e+19
4.10065117871833557e-02 2.44081976901537856e+17 -3.43491342126372372e+19
4.10655580486621319e-02 2.42053546180492032e+17 -3.43567395239753073e+19
4.11246043101409081e-02 2.40024775784921568e+17 -3.43606392493679493e+19
4.11836505716196843e-02 2.37995884564220128e+17 -3.43608319280069100e+19
4.12426968330984606e-02 2.35967091422418432e+17 -3.43573171699859415e+19
4.13017430945772368e-02 2.33938615254907840e+17 -3.43500956587873116e+19
4.13607893560560130e-02 2.31910674884967488e+17 -3.43391691532737946e+19
4.14198356175347893e-02 2.29883489000245280e+17 -3.43245404892001976e+19
4.14788818790135655e-02 2.27857276089124096e+17 -3.43062135802264494e+19
4.15379281404923417e-02 2.25832254377067488e+17 -3.42841934184387584e+19
4.15969744019711318e-02 2.23808641762928288e+17 -3.42584860743691141e+19
4.16560206634499081e-02 2.21786655755290272e+17 -3.42290986965165711e+19
4.17150669249286843e-02 2.19766513408849216e+17 -3.41960395103646556e+19
4.17741131864074605e-02 2.17748431260850176e+17 -3.41593178168909496e+19
4.18331594478862367e-02 2.15732625267644448e+17 -3.41189439905722204e+19
4.18922057093650130e-02 2.13719310741381248e+17 -3.40749294768818545e+19
4.19512519708437892e-02 2.11708702286849600e+17 -3.40272867892761231e+19
4.20102982323225654e-02 2.09701013738523808e+17 -3.39760295056724050e+19
4.20693444938013417e-02 2.07696456051030592e+17 -3.39212978889442591e+19
4.21283907552801179e-02 2.05695225554179392e+17 -3.38633370978011382e+19
4.21874370167588941e-02 2.03697512533047744e+17 -3.38021553612814131e+19
4.22464832782376704e-02 2.01703507069662272e+17 -3.37377563456961495e+19
4.23055295397164466e-02 1.99713398996634816e+17 -3.36701448330729431e+19
4.23645758011952367e-02 1.97727377831267072e+17 -3.35993267216129597e+19
4.24236220626740129e-02 1.95745632709639360e+17 -3.35253090255883674e+19
4.24826683241527892e-02 1.93768352320729120e+17 -3.34480998746781204e+19
4.25417145856315654e-02 1.91795724840585280e+17 -3.33677085127373292e+19
4.26007608471103416e-02 1.89827937866598752e+17 -3.32841452959980462e+19
4.26598071085891178e-02 1.87865178351866272e+17 -3.31974216906922721e+19
4.27188533700678941e-02 1.85907632539756256e+17 -3.31075502701076603e+19
4.27778996315466703e-02 1.83955485898631776e+17 -3.30145447110603039e+19
4.28369458930254465e-02 1.82008923056810848e+17 -3.29184197897908470e+19
4.28959921545042228e-02 1.80068127737780032e+17 -3.28191913772797256e+19
4.29550384159829990e-02 1.78133282695720640e+17 -3.27168764339852165e+19
4.30140846774617752e-02 1.76204569651331072e+17 -3.26114930039948452e+19
4.30731309389405653e-02 1.74282169228043424e+17 -3.25030602086019277e+19
4.31321772004193416e-02 1.72366260888616128e+17 -3.23915982392983060e+19
4.31912234618981178e-02 1.70457022872167456e+17 -3.22771283501899244e+19
4.32502697233768940e-02 1.68554632131664288e+17 -3.21596728498330706e+19
4.33093159848556702e-02 1.66659264271921984e+17 -3.20392550924974776e+19
4.33683622463344465e-02 1.64771093488126048e+17 -3.19158994688543089e+19
4.34274085078132227e-02 1.62890292504929216e+17 -3.17896313960955535e+19
4.34864547692919989e-02 1.61017032516145920e+17 -3.16604773074863227e+19
4.35455010307707752e-02 1.59151483125071168e+17 -3.15284646413523313e+19
4.36045472922495514e-02 1.57293812285488128e+17 -3.13936218295131423e+19
4.36635935537283276e-02 1.55444186243345344e+17 -3.12559782851557335e+19
4.37226398152071039e-02 1.53602769479196640e+17 -3.11155643901655040e+19
4.37816860766858801e-02 1.51769724651378368e+17 -3.09724114819090473e+19
4.38407323381646702e-02 1.49945212540004032e+17 -3.08265518394844488e+19
4.38997785996434464e-02 1.48129391991774336e+17 -3.06780186694390415e+19
4.39588248611222226e-02 1.46322419865647008e+17 -3.05268460909643080e+19
4.40178711226009989e-02 1.44524450979402816e+17 -3.03730691205767127e+19
4.40769173840797751e-02 1.42735638057122368e+17 -3.02167236562891448e+19
4.41359636455585513e-02 1.40956131677621808e+17 -3.00578464612852982e+19
4.41950099070373276e-02 1.39186080223854720e+17 -2.98964751471012127e+19
4.42540561685161038e-02 1.37425629833335440e+17 -2.97326481563288740e+19
4.43131024299948800e-02 1.35674924349590512e+17 -2.95664047448471020e+19
4.43721486914736563e-02 1.33934105274660592e+17 -2.93977849635886367e+19
4.44311949529524325e-02 1.32203311722722176e+17 -2.92268296398633206e+19
4.44902412144312087e-02 1.30482680374801840e+17 -2.90535803582365901e+19
4.45492874759099988e-02 1.28772345434628016e+17 -2.88780794409788703e+19
4.46083337373887751e-02 1.27072438585676400e+17 -2.87003699281046364e+19
4.46673799988675513e-02 1.25383088949375376e+17 -2.85204955570003599e+19
4.47264262603463275e-02 1.23704423044548080e+17 -2.83385007416656896e+19
4.47854725218251037e-02 1.22036563065561280e+17 -2.81545222155259494e+19
4.48445187833038800e-02 1.20379620389879664e+17 -2.79687188845311058e+19
4.49035650447826562e-02 1.18733701707578912e+17 -2.77811261871213158e+19
4.49626113062614324e-02 1.17098911624666864e+17 -2.75917797974999572e+19
4.50216575677402087e-02 1.15475352617961184e+17 -2.74007161577080914e+19
4.50807038292189849e-02 1.13863124990315920e+17 -2.72079724583382712e+19
4.51397500906977611e-02 1.12262326827007056e+17 -2.70135866187973427e+19
4.51987963521765373e-02 1.10673053953288256e+17 -2.68175972671264686e+19
4.52578426136553136e-02 1.09095399893154272e+17 -2.66200437193932308e+19
4.53168888751341037e-02 1.07529455829340528e+17 -2.64209659586696069e+19
4.53759351366128799e-02 1.05975310564564080e+17 -2.62204046136041513e+19
4.54349813980916561e-02 1.04433050484049248e+17 -2.60184009366068347e+19
4.54940276595704324e-02 1.02902759519348688e+17 -2.58149967816576328e+19
4.55530739210492086e-02 1.01384519113486320e+17 -2.56102345817544131e+19
4.56121201825279848e-02 9.98784081874471680e+16 -2.54041573260160205e+19
4.56711664440067611e-02 9.83845031080203360e+16 -2.51968085364521984e+19
4.57302127054855373e-02 9.69028776570281280e+16 -2.49882322444195144e+19
4.57892589669643135e-02 9.54336030019563680e+16 -2.47784729667783926e+19
4.58483052284430898e-02 9.39767476679919200e+16 -2.45675756817646633e+19
4.59073514899218660e-02 9.25323775115099360e+16 -2.43555858045990953e+19
4.59663977514006422e-02 9.11005556949844480e+16 -2.41425491628408627e+19
4.60254440128794323e-02 8.96813426633847200e+16 -2.39285119715150602e+19
4.60844902743582086e-02 8.82747961220330400e+16 -2.37135208080215286e+19
4.61435365358369848e-02 8.68809710159511520e+16 -2.34976225868471869e+19
4.62025827973157610e-02 8.54999195107149440e+16 -2.32808645341018358e+19
4.62616290587945372e-02 8.41316909748002080e+16 -2.30632941618886574e+19
4.63206753202733135e-02 8.27763319634626880e+16 -2.28449592425368289e+19
4.63797215817520897e-02 8.14338862041348480e+16 -2.26259077827085722e+19
4.64387678432308659e-02 8.01043945833574240e+16 -2.24061879974019727e+19
4.64978141047096422e-02 7.87878951352437760e+16 -2.21858482838670049e+19
4.65568603661884184e-02 7.74844230314981280e+16 -2.19649371954582815e+19
4.66159066276671946e-02 7.61940105729586880e+16 -2.17435034154348134e+19
4.66749528891459708e-02 7.49166871827162400e+16 -2.15215957307398390e+19
4.67339991506247471e-02 7.36524794007565920e+16 -2.12992630057652634e+19
4.67930454121035372e-02 7.24014108801640480e+16 -2.10765541561308119e+19
4.68520916735823134e-02 7.11635023848714560e+16 -2.08535181224936940e+19
4.69111379350610896e-02 6.99387717889509840e+16 -2.06302038444074435e+19
4.69701841965398659e-02 6.87272340774552480e+16 -2.04066602342532465e+19
4.70292304580186421e-02 6.75289013487808480e+16 -2.01829361512566620e+19
4.70882767194974183e-02 6.63437828185793120e+16 -1.99590803756182118e+19
4.71473229809761946e-02 6.51718848251785280e+16 -1.97351415827684803e+19
4.72063692424549708e-02 6.40132108365270000e+16 -1.95111683177733243e+19
4.72654155039337470e-02 6.28677614586452240e+16 -1.92872089699063931e+19
4.73244617654125233e-02 6.17355344455698000e+16 -1.90633117474069750e+19
4.73835080268912995e-02 6.06165247107765680e+16 -1.88395246524414648e+19
4.74425542883700757e-02 5.95107243400951680e+16 -1.86158954562950922e+19
4.75016005498488658e-02 5.84181226060562080e+16 -1.83924716747984855e+19
4.75606468113276420e-02 5.73387058737518080e+16 -1.81693079918925865e+19
4.76196930728064183e-02 5.62724567861352080e+16 -1.79464687488079442e+19
4.76787393342851945e-02 5.52193548189884480e+16 -1.77239994791025684e+19
4.77377855957639707e-02 5.41793768155209280e+16 -1.75019445467114148e+19
4.77968318572427470e-02 5.31524970085440240e+16 -1.72803480026802647e+19
4.78558781187215232e-02 5.21386870396202400e+16 -1.70592535621328937e+19
4.79149243802002994e-02 5.11379159795781040e+16 -1.68387045815668408e+19
4.79739706416790757e-02 5.01501503503434000e+16 -1.66187440364853391e+19
4.80330169031578519e-02 4.91753541480907120e+16 -1.63994144993899930e+19
4.80920631646366281e-02 4.82134888676786320e+16 -1.61807581181457633e+19
4.81511094261154043e-02 4.72645135283525040e+16 -1.59628165947364495e+19
4.82101556875941806e-02 4.63283847006879280e+16 -1.57456311644252385e+19
4.82692019490729707e-02 4.54050565347551840e+16 -1.55292425753370460e+19
4.83282482105517469e-02 4.44944807894756240e+16 -1.53136910684765225e+19
4.83872944720305231e-02 4.35966068631412640e+16 -1.50990163581951078e+19
4.84463407335092994e-02 4.27113818250816640e+16 -1.48852576131250094e+19
4.85053869949880756e-02 4.18387504484313280e+16 -1.46724534375871898e+19
4.85644332564668518e-02 4.09786552439945360e+16 -1.44606418534952899e+19
4.86234795179456281e-02 4.01310364951494320e+16 -1.42498602827579802e+19
4.86825257794244043e-02 3.92958322937872880e+16 -1.40401455302010696e+19
4.87415720409031805e-02 3.84729785772371280e+16 -1.38315337670142239e+19
4.88006183023819567e-02 3.76624091661602160e+16 -1.36240605147390198e+19
4.88596645638607330e-02 3.68640558033613280e+16 -1.34177606298014024e+19
4.89187108253395092e-02 3.60778481935101120e+16 -1.32126682886078034e+19
4.89777570868182993e-02 3.53037140437158560e+16 -1.30088169732059668e+19
4.90368033482970755e-02 3.45415791049400120e+16 -1.28062394575259320e+19
4.90958496097758518e-02 3.37913672141964120e+16 -1.26049677942036050e+19
4.91548958712546280e-02 3.30530003375159760e+16 -1.24050333019989299e+19
4.92139421327334042e-02 3.23263986136369960e+16 -1.22064665538143457e+19
4.92729883942121805e-02 3.16114803983835920e+16 -1.20092973653193810e+19
4.93320346556909567e-02 3.09081623096980200e+16 -1.18135547841878282e+19
4.93910809171697329e-02 3.02163592732907680e+16 -1.16192670799528755e+19
4.94501271786485092e-02 2.95359845688714680e+16 -1.14264617344846991e+19
4.95091734401272854e-02 2.88669498769225280e+16 -1.12351654330940129e+19
4.95682197016060616e-02 2.82091653259797800e+16 -1.10454040562655048e+19
4.96272659630848378e-02 2.75625395403845480e+16 -1.08572026720245412e+19
4.96863122245636141e-02 2.69269796884646880e+16 -1.06705855289373307e+19
4.97453584860424042e-02 2.63023915311116040e+16 -1.04855760497477079e+19
4.98044047475211804e-02 2.56886794707149360e+16 -1.03021968256512020e+19
4.98634510089999566e-02 2.50857466004151920e+16 -1.01204696112057221e+19
4.99224972704787329e-02 2.44934947536395280e+16 -9.94041531987955712e+18
4.99815435319575091e-02 2.39118245538788240e+16 -9.76205402023397171e+18
5.00405897934362853e-02 2.33406354646749600e+16 -9.58540493274129408e+18
5.00996360549150616e-02 2.27798258397763240e+16 -9.41048642723434496e+18
5.01586823163938378e-02 2.22292929734228920e+16 -9.23731602098376704e+18
5.02177285778726140e-02 2.16889331507290280e+16 -9.06591037740183757e+18
5.02767748393513902e-02 2.11586416981234600e+16 -8.89628530536713114e+18
5.03358211008301665e-02 2.06383130338115120e+16 -8.72845575916605235e+18
5.03948673623089427e-02 2.01278407370720000e+16 -8.56243262507111834e+18
5.04539136237877328e-02 1.96271190323071440e+16 -8.39817960452250419e+18
5.05129598852665090e-02 1.91360436610527880e+16 -8.23569760994335027e+18
5.05720061467452853e-02 1.86545095049072280e+16 -8.07500493527035597e+18
5.06310524082240615e-02 1.81824104002430760e+16 -7.91611869201831731e+18
5.06900986697028377e-02 1.77196392076912480e+16 -7.75905482071847834e+18
5.07491449311816140e-02 1.72660878809294520e+16 -7.60382810301007360e+18
5.08081911926603902e-02 1.68216475347365940e+16 -7.45045217436388250e+18
5.08672374541391664e-02 1.63862085122803640e+16 -7.29893953741835469e+18
5.09262837156179426e-02 1.59596604515983120e+16 -7.14930157590490624e+18
5.09853299770967189e-02 1.55418923512390580e+16 -7.00154856914103501e+18
5.10443762385754951e-02 1.51327926350331120e+16 -6.85568970707026022e+18
5.11034225000542713e-02 1.47322492159594880e+16 -6.71173310582572646e+18
5.11624687615330476e-02 1.43401495590780660e+16 -6.56968582379514266e+18
5.12215150230118377e-02 1.39563807434991860e+16 -6.42955387816475443e+18
5.12805612844906139e-02 1.35808295233632040e+16 -6.29134226191979930e+18
5.13396075459693901e-02 1.32133823878032900e+16 -6.15505496127853670e+18
5.13986538074481664e-02 1.28539256198660040e+16 -6.02069497353674650e+18
5.14577000689269426e-02 1.25023453543673180e+16 -5.88826432530044109e+18
5.15167463304057188e-02 1.21585276346609940e+16 -5.75776409108349133e+18
5.15757925918844951e-02 1.18223584682980760e+16 -5.62919441224717414e+18
5.16348388533632713e-02 1.14937238815591840e+16 -5.50255451625937510e+18
5.16938851148420475e-02 1.11725099728409740e+16 -5.37784273625049190e+18
5.17529313763208237e-02 1.08586029648787740e+16 -5.25505653084285850e+18
5.18119776377996000e-02 1.05518892557913620e+16 -5.13419250423182950e+18
5.18710238992783762e-02 1.02522554689335180e+16 -5.01524642649606042e+18
5.19300701607571663e-02 9.95958850154243400e+15 -4.89821325411424461e+18
5.19891164222359425e-02 9.67377557216750400e+15 -4.78308715066678272e+18
5.20481626837147188e-02 9.39470426687276000e+15 -4.66986150770034074e+18
5.21072089451934950e-02 9.12226258420307000e+15 -4.55852896573372211e+18
5.21662552066722712e-02 8.85633897890628700e+15 -4.44908143538369024e+18
5.22253014681510475e-02 8.59682240440531700e+15 -4.34151011858987827e+18
5.22843477296298237e-02 8.34360235401374800e+15 -4.23580552991742566e+18
5.23433939911085999e-02 8.09656890089291300e+15 -4.13195751791787162e+18
5.24024402525873761e-02 7.85561273674574800e+15 -4.02995528652720947e+18
5.24614865140661524e-02 7.62062520924615700e+15 -3.92978741648153037e+18
5.25205327755449286e-02 7.39149835820520300e+15 -3.83144188673174682e+18
5.25795790370237048e-02 7.16812495047206500e+15 -3.73490609583697869e+18
5.26386252985024811e-02 6.95039851357332500e+15 -3.64016688331889408e+18
5.26976715599812712e-02 6.73821336809292100e+15 -3.54721055095852032e+18
5.27567178214600474e-02 6.53146465879698100e+15 -3.45602288401787802e+18
5.28157640829388236e-02 6.33004838450803600e+15 -3.36658917236886682e+18
5.28748103444175999e-02 6.13386142673459300e+15 -3.27889423151247974e+18
5.29338566058963761e-02 5.94280157706360400e+15 -3.19292242347223245e+18
5.29929028673751523e-02 5.75676756332336200e+15 -3.10865767754564659e+18
5.30519491288539286e-02 5.57565907452520500e+15 -3.02608351089804390e+18
5.31109953903327048e-02 5.39937678459495900e+15 -2.94518304898431181e+18
5.31700416518114810e-02 5.22782237490350200e+15 -2.86593904578348851e+18
5.32290879132902572e-02 5.06089855560832000e+15 -2.78833390383239731e+18
5.32881341747690335e-02 4.89850908581900900e+15 -2.71234969404525363e+18
5.33471804362478097e-02 4.74055890695534800e+15 -2.63795854192563712e+18
5.34062266977265998e-02 4.58695569252225400e+15 -2.56510515303485389e+18
5.34652729592053760e-02 4.43760922818654650e+15 -2.49377289962776525e+18
5.35243192206841523e-02 4.29243007240970150e+15 -2.42394893460609894e+18
5.35833654821629285e-02 4.15132956261542850e+15 -2.35561972668265114e+18
5.36424117436417047e-02 4.01421985445697300e+15 -2.28877109857929498e+18
5.37014580051204810e-02 3.88101395885067350e+15 -2.22338826451905997e+18
5.37605042665992572e-02 3.75162577681609550e+15 -2.15945586698823629e+18
5.38195505280780334e-02 3.62597013216811100e+15 -2.09695801274861619e+18
5.38785967895568096e-02 3.50396280210541700e+15 -2.03587830808080486e+18
5.39376430510355859e-02 3.38552054574020800e+15 -1.97619989324096794e+18
5.39966893125143621e-02 3.27056113061838900e+15 -1.91790547611744307e+18
5.40557355739931383e-02 3.15900335727503500e+15 -1.86097736507227008e+18
5.41147818354719146e-02 3.05076708187590650e+15 -1.80539750095758746e+18
5.41738280969507047e-02 2.94577323699277550e+15 -1.75114748829644723e+18
5.42328743584294809e-02 2.84394385056255550e+15 -1.69820862562025549e+18
5.42919206199082571e-02 2.74520206308026400e+15 -1.64656193495644493e+18
5.43509668813870334e-02 2.64947214307590050e+15 -1.59618819046136550e+18
5.44100131428658096e-02 2.55667950092619150e+15 -1.54706794619527014e+18
5.44690594043445858e-02 2.46675070105150150e+15 -1.49918156303721600e+18
5.45281056658233620e-02 2.37961347254905450e+15 -1.45250923473957274e+18
5.45871519273021383e-02 2.29519671831310100e+15 -1.40703101312282445e+18
5.46461981887809145e-02 2.21343052269272475e+15 -1.36272683241274957e+18
5.47052444502596907e-02 2.13424615773787500e+15 -1.31957653272326528e+18
5.47642907117384670e-02 2.05757608808398450e+15 -1.27755988268941030e+18
5.48233369732172432e-02 1.98335397452510750e+15 -1.23665660125593677e+18
5.48823832346960333e-02 1.91151467632529400e+15 -1.19684637862811622e+18
5.49414294961748095e-02 1.84199425231746200e+15 -1.15810889639232486e+18
5.50004757576535858e-02 1.77472996083861900e+15 -1.12042384681494221e+18
5.50595220191323620e-02 1.70966025854929000e+15 -1.08377095132866957e+18
5.51185682806111382e-02 1.64672479818560425e+15 -1.04812997821694605e+18
5.51776145420899145e-02 1.58586442529010250e+15 -1.01348075950677069e+18
5.52366608035686907e-02 1.52702117396850525e+15 -9.79803207082140928e+17
5.52957070650474669e-02 1.47013826171768850e+15 -9.47077328030145920e+17
5.53547533265262431e-02 1.41516008336970475e+15 -9.15283239232591360e+17
5.54137995880050194e-02 1.36203220419638325e+15 -8.84401181216891648e+17
5.54728458494837956e-02 1.31070135221749150e+15 -8.54411531280009088e+17
5.55318921109625718e-02 1.26111540975508125e+15 -8.25294815899994368e+17
5.55909383724413481e-02 1.21322340427569175e+15 -7.97031722450055168e+17
5.56499846339201382e-02 1.16697549856108800e+15 -7.69603110230384640e+17
5.57090308953989144e-02 1.12232298024735912e+15 -7.42990020833360128e+17
5.57680771568776906e-02 1.07921825077123525e+15 -7.17173687857986688e+17
5.58271234183564669e-02 1.03761481376175125e+15 -6.92135545989864704e+17
5.58861696798352431e-02 9.97467262913954375e+14 -6.67857239462850304e+17
5.59452159413140193e-02 9.58731269380898625e+14 -6.44320629919113600e+17
5.60042622027927955e-02 9.21363568718891375e+14 -6.21507803684232704e+17
5.60633084642715718e-02 8.85321947419994625e+14 -5.99401078474089088e+17
5.61223547257503480e-02 8.50565229064926375e+14 -5.77983009550499456e+17
5.61814009872291242e-02 8.17053260128256875e+14 -5.57236395342383680e+17
5.62404472487079005e-02 7.84746895467205500e+14 -5.37144282549563328e+17
5.62994935101866767e-02 7.53607983523741625e+14 -5.17689970745856384e+17
5.63585397716654668e-02 7.23599392307714250e+14 -4.98853938494764544e+17
5.64175860331442430e-02 6.94685397009542125e+14 -4.80611171085692160e+17
5.64766322946230193e-02 6.66831417966986625e+14 -4.62947033126185984e+17
5.65356785561017955e-02 6.40003696521792250e+14 -4.45847744280580800e+17
5.65947248175805717e-02 6.14169285097092250e+14 -4.29299614525679168e+17
5.66537710790593479e-02 5.89296041451900625e+14 -4.13289057977169728e+17
5.67128173405381242e-02 5.65352622147017375e+14 -3.97802605779219072e+17
5.67718636020169004e-02 5.42308475276831250e+14 -3.82826918086090304e+17
5.68309098634956766e-02 5.20133832519672500e+14 -3.68348795164868480e+17
5.68899561249744529e-02 4.98799700557903500e+14 -3.54355187648791680e+17
5.69490023864532291e-02 4.78277851916851312e+14 -3.40833205970577408e+17
5.70080486479320053e-02 4.58540815270300812e+14 -3.27770129005442304e+17
5.70670949094107816e-02 4.39561865258189500e+14 -3.15153411953250688e+17
5.71261411708895717e-02 4.21315011860672562e+14 -3.02970693489321152e+17
5.71851874323683479e-02 4.03774989370804938e+14 -2.91209802213120704e+17
5.72442336938471241e-02 3.86917245006471688e+14 -2.79858762423916896e+17
5.73032799553259004e-02 3.70717927200472062e+14 -2.68905799252161088e+17
5.73623262168046766e-02 3.55153873605891062e+14 -2.58339343174967616e+17
5.74213724782834528e-02 3.40202598852370125e+14 -2.48148033943767200e+17
5.74804187397622290e-02 3.25842282087166938e+14 -2.38320723951718304e+17
5.75394650012410053e-02 3.12051754333175125e+14 -2.28846481067900864e+17
5.75985112627197815e-02 2.98810485694766688e+14 -2.19714590965008736e+17
5.76575575241985577e-02 2.86098572440451812e+14 -2.10914558966473856e+17
5.77166037856773340e-02 2.73896723990040625e+14 -2.02436111438535520e+17
5.77756500471561102e-02 2.62186249832462062e+14 -1.94269196752128512e+17
5.78346963086349003e-02 2.50949046398845188e+14 -1.86403985838766880e+17
5.78937425701136765e-02 2.40167583914204781e+14 -1.78830872364063104e+17
5.79527888315924528e-02 2.29824893249613500e+14 -1.71540472541797472e+17
5.80118350930712290e-02 2.19904552795383812e+14 -1.64523624610759936e+17
5.80708813545500052e-02 2.10390675374606156e+14 -1.57771387995989760e+17
5.81299276160287814e-02 2.01267895214975906e+14 -1.51275042175223968e+17
5.81889738775075577e-02 1.92521354995784250e+14 -1.45026085270785664e+17
5.82480201389863339e-02 1.84136692985655594e+14 -1.39016232386350720e+17
5.83070664004651101e-02 1.76100030285590438e+14 -1.33237413707407088e+17
5.83661126619438864e-02 1.68397958190668750e+14 -1.27681772383435712e+17
5.84251589234226626e-02 1.61017525682832344e+14 -1.22341662209225248e+17
5.84842051849014388e-02 1.53946227066101469e+14 -1.17209645121996016e+17
5.85432514463802289e-02 1.47171989754597219e+14 -1.12278488530307824e+17
5.86022977078590052e-02 1.40683162222905094e+14 -1.07541162490112848e+17
5.86613439693377814e-02 1.34468502127284562e+14 -1.02990836742532336e+17
5.87203902308165576e-02 1.28517164605579953e+14 -9.86208776274260160e+16
5.87794364922953338e-02 1.22818690762657328e+14 -9.44248448859997440e+16
5.88384827537741101e-02 1.17362996347637141e+14 -9.03964883652249280e+16
5.88975290152528863e-02 1.12140360628295828e+14 -8.65297446360900000e+16
5.89565752767316625e-02 1.07141415467417062e+14 -8.28187335371730880e+16
5.90156215382104388e-02 1.02357134605171547e+14 -7.92577546543945760e+16
5.90746677996892150e-02 9.77788231509690469e+13 -7.58412837472185600e+16
5.91337140611679912e-02 9.33981072876888438e+13 -7.25639691310466080e+16
5.91927603226467675e-02 8.92069241905686719e+13 -6.94206280249434640e+16
5.92518065841255437e-02 8.51975121625647031e+13 -6.64062428733456240e+16
5.93108528456043338e-02 8.13624009874644219e+13 -6.35159576498561920e+16
5.93698991070831100e-02 7.76944025015902344e+13 -6.07450741507457200e+16
5.94289453685618863e-02 7.41866028183102031e+13 -5.80889126719406480e+16
5.94879916300406625e-02 7.08323787678333438e+13 -5.55424313478444480e+16
5.95470378915194387e-02 6.76253808909866172e+13 -5.31014347896610160e+16
5.96060841529982149e-02 6.45594982092603438e+13 -5.07619636570583440e+16
5.96651304144769912e-02 6.16288498872573750e+13 -4.85201815746082960e+16
5.97241766759557674e-02 5.88277780377244219e+13 -4.63723728964392800e+16
5.97832229374345436e-02 5.61508406605499375e+13 -4.43149404054627440e+16
5.98422691989133199e-02 5.35928047193146797e+13 -4.23444029565690240e+16
5.99013154603920961e-02 5.11486393584370469e+13 -4.04573930726403120e+16
5.99603617218708723e-02 4.88135092634524062e+13 -3.86506545017050560e+16
6.00194079833496624e-02 4.65827681664858672e+13 -3.69210397430446880e+16
6.00784542448284387e-02 4.44519524985363047e+13 -3.52655075495738800e+16
6.01375005063072149e-02 4.24167751897645625e+13 -3.36811204133336200e+16
6.01965467677859911e-02 4.04731196185973594e+13 -3.21650420404843760e+16
6.02555930292647673e-02 3.86170337100824219e+13 -3.07145348217343000e+16
6.03146392907435436e-02 3.68447241836056016e+13 -2.93269573037241920e+16
6.03736855522223198e-02 3.51525509497581367e+13 -2.79997616664756320e+16
6.04327318137010960e-02 3.35370216558550742e+13 -2.67304912116210320e+16
6.04917780751798723e-02 3.19947863793381523e+13 -2.55167778657609600e+16
6.05508243366586485e-02 3.05226324680500898e+13 -2.43563397029370040e+16
6.06098705981374247e-02 2.91174795261427109e+13 -2.32469784898695440e+16
6.06689168596162010e-02 2.77763745441762734e+13 -2.21865772572864040e+16
6.07279631210949772e-02 2.64964871717753672e+13 -2.11730979003569960e+16
6.07870093825737673e-02 2.52751051310448477e+13 -2.02045788109605200e+16
6.08460556440525435e-02 2.41096297687904453e+13 -1.92791325442348880e+16
6.09051019055313198e-02 2.29975717454533594e+13 -1.83949435215923360e+16
6.09641481670100960e-02 2.19365468585499453e+13 -1.75502657721431540e+16
6.10231944284888722e-02 2.09242719982935859e+13 -1.67434207142299460e+16
6.10822406899676484e-02 1.99585612329897734e+13 -1.59727949785619660e+16
6.11412869514464247e-02 1.90373220217042539e+13 -1.52368382742243160e+16
6.12003332129252009e-02 1.81585515516441445e+13 -1.45340612986510100e+16
6.12593794744039771e-02 1.73203331976265938e+13 -1.38630336924637300e+16
6.13184257358827534e-02 1.65208331009623848e+13 -1.32223820399092700e+16
6.13774719973615296e-02 1.57582968650467715e+13 -1.26107879154729180e+16
6.14365182588403058e-02 1.50310463649156758e+13 -1.20269859770938480e+16
6.14955645203190959e-02 1.43374766680075176e+13 -1.14697621062741280e+16
6.15546107817978722e-02 1.36760530633553086e+13 -1.09379515952439480e+16
6.16136570432766484e-02 1.30453081964293047e+13 -1.04304373812297380e+16
6.16727033047554246e-02 1.24438393068512598e+13 -9.94614832776347000e+15
6.17317495662342008e-02 1.18703055662041582e+13 -9.48405755286875000e+15
6.17907958277129771e-02 1.13234255131799551e+13 -9.04318080387287000e+15
6.18498420891917533e-02 1.08019745833186523e+13 -8.62257487850511000e+15
6.19088883506705295e-02 1.03047827306208281e+13 -8.22133609187072400e+15
6.19679346121493058e-02 9.83073213833539844e+12 -7.83859878881549300e+15
6.20269808736280820e-02 9.37875501626045312e+12 -7.47353390113792000e+15
6.20860271351068582e-02 8.94783148192637695e+12 -7.12534754904808500e+15
6.21450733965856345e-02 8.53698752306643750e+12 -6.79327968622125400e+15
6.22041196580644107e-02 8.14529303882217090e+12 -6.47660278775160900e+15
6.22631659195432008e-02 7.77185995717212109e+12 -6.17462058027151200e+15
6.23222121810219770e-02 7.41584042611498926e+12 -5.88666681346572100e+15
6.23812584425007532e-02 7.07642507618949805e+12 -5.61210407218431400e+15
6.24403047039795295e-02 6.75284135195445801e+12 -5.35032262832727600e+15
6.24993509654583057e-02 6.44435191010858984e+12 -5.10073933165775600e+15
6.25583972269370819e-02 6.15025307905195215e+12 -4.86279726585932200e+15
6.26174434884158582e-02 5.86987282166397754e+12 -4.63598495811128200e+15
6.26764897498946344e-02 5.60256879630541992e+12 -4.41979844826874750e+15
6.27355360113734106e-02 5.34772824371202734e+12 -4.21374515291439800e+15
6.27945822728521869e-02 5.10476682885451465e+12 -4.01735471465359700e+15
6.28536285343309631e-02 4.87312735695085742e+12 -3.83017804735644300e+15
6.29126747958097393e-02 4.65227854473569824e+12 -3.65178641904532550e+15
6.29717210572885294e-02 4.44171384480165625e+12 -3.48177057116868250e+15
6.30307673187673057e-02 4.24095032090009082e+12 -3.31973987302811200e+15
6.30898135802460819e-02 4.04952757216197168e+12 -3.16532151015450750e+15
6.31488598417248581e-02 3.86700670426872754e+12 -3.01815970545605850e+15
6.32079061032036343e-02 3.69296934567193750e+12 -2.87791497198955650e+15
6.32669523646824106e-02 3.52701670702852783e+12 -2.74426339623561350e+15
6.33259986261611868e-02 3.36876868208190088e+12 -2.61689595078592700e+15
6.33850448876399630e-02 3.21786298828436475e+12 -2.49551783538045900e+15
6.34440911491187393e-02 3.07395434551732715e+12 -2.37984784526049200e+15
6.35031374105975155e-02 2.93671369132610547e+12 -2.26961776583226950e+15
6.35621836720762917e-02 2.80582743114521826e+12 -2.16457179266476300e+15
6.36212299335550679e-02 2.68099672204573389e+12 -2.06446597587247650e+15
6.36802761950338442e-02 2.56193678859287061e+12 -1.96906768796330025e+15
6.37393224565126343e-02 2.44837626945425732e+12 -1.87815511425809750e+15
6.37983687179914105e-02 2.34005659345198193e+12 -1.79151676501666300e+15
6.38574149794701867e-02 2.23673138380181982e+12 -1.70895100843164875e+15
6.39164612409489630e-02 2.13816588933107080e+12 -1.63026562367805800e+15
6.39755075024277392e-02 2.04413644151483618e+12 -1.55527737323298800e+15
6.40345537639065154e-02 1.95442993621470093e+12 -1.48381159370481475e+15
6.40936000253852917e-02 1.86884333904933325e+12 -1.41570180443724050e+15
6.41526462868640679e-02 1.78718321336821875e+12 -1.35078933317758725e+15
6.42116925483428441e-02 1.70926526984152441e+12 -1.28892295812328200e+15
6.42707388098216204e-02 1.63491393671848145e+12 -1.22995856568379150e+15
6.43297850713003966e-02 1.56396194984554834e+12 -1.17375882331867800e+15
6.43888313327791728e-02 1.49624996157239673e+12 -1.12019286683475300e+15
6.44478775942579629e-02 1.43162616770964404e+12 -1.06913600154737175e+15
6.45069238557367391e-02 1.36994595173668628e+12 -1.02046941673227750e+15
6.45659701172155154e-02 1.31107154549140747e+12 -9.74079912815422125e+14
6.46250163786942916e-02 1.25487170560544995e+12 -9.29859640768371125e+14
6.46840626401730678e-02 1.20122140497935010e+12 -8.87705853196496875e+14
6.47431089016518441e-02 1.15000153862213623e+12 -8.47520666626775875e+14
6.48021551631306203e-02 1.10109864320793872e+12 -8.09210834520163750e+14
6.48612014246093965e-02 1.05440462973002393e+12 -7.72687530551868875e+14
6.49202476860881728e-02 1.00981652865912158e+12 -7.37866141720377750e+14
6.49792939475669490e-02 9.67236247037974365e+11 -7.04666070862805875e+14
6.50383402090457252e-02 9.26570336969082031e+11 -6.73010548171043000e+14
6.50973864705245014e-02 8.87729774975563843e+11 -6.42826451318703250e+14
6.51564327320032777e-02 8.50629751737868408e+11 -6.14044133824486875e+14
6.52154789934820678e-02 8.15189471730709473e+11 -5.86597261292453375e+14
6.52745252549608440e-02 7.81331962305362305e+11 -5.60422655184089188e+14
6.53335715164396202e-02 7.48983891782534912e+11 -5.35460143791057812e+14
6.53926177779183965e-02 7.18075396139847046e+11 -5.11652420090718375e+14
6.54516640393971727e-02 6.88539913896912354e+11 -4.88944906179905000e+14
6.55107103008759489e-02 6.60314028817985474e+11 -4.67285623994502188e+14
6.55697565623547252e-02 6.33337320069518066e+11 -4.46625072034777812e+14
6.56288028238335014e-02 6.07552219485967163e+11 -4.26916107827932500e+14
6.56878490853122776e-02 5.82903875612708618e+11 -4.08113835870531875e+14
6.57468953467910538e-02 5.59340024209843262e+11 -3.90175500804336875e+14
6.58059416082698301e-02 5.36810864914882507e+11 -3.73060385589416125e+14
6.58649878697486063e-02 5.15268943776011597e+11 -3.56729714448486438e+14
6.59240341312273964e-02 4.94669041380596069e+11 -3.41146560365991250e+14
6.59830803927061726e-02 4.74968066316153442e+11 -3.26275756934731188e+14
6.60421266541849489e-02 4.56124953713055725e+11 -3.12083814351821750e+14
6.61011729156637251e-02 4.38100568629469910e+11 -2.98538839374165625e+14
