# omega( psi ) in rad/s, sampled from geq's own spline so that both
# codes read one definition of the rotation.
#
#    psi            f( psi )        f'( psi )
5.63780116139572449e-03 6.00000000000000116e+05 5.95401793772239797e+06
5.69684742287450158e-03 6.00351390838623280e+05 5.94820346707962546e+06
5.75589368435327955e-03 6.00702438354492420e+05 5.94238899643690232e+06
5.81493994583205664e-03 6.01053142547607655e+05 5.93657452579423320e+06
5.87398620731083374e-03 6.01403503417968983e+05 5.93076005515161343e+06
5.93303246878961084e-03 6.01753520965576405e+05 5.92494558450904768e+06
5.99207873026838880e-03 6.02103195190429920e+05 5.91913111386653129e+06
6.05112499174716590e-03 6.02452526092529530e+05 5.91331664322406612e+06
6.11017125322594300e-03 6.02801513671875116e+05 5.90750217258165218e+06
6.16921751470472096e-03 6.03150157928466797e+05 5.90168770193929039e+06
6.22826377618349806e-03 6.03498458862304688e+05 5.89587323129697982e+06
6.28731003766227516e-03 6.03846416473388555e+05 5.89005876065471955e+06
6.34635629914105225e-03 6.04194030761718634e+05 5.88424429001251236e+06
6.40540256061983022e-03 6.04541301727294805e+05 5.87842981937035546e+06
6.46444882209860731e-03 6.04888229370117188e+05 5.87261534872825164e+06
6.52349508357738441e-03 6.05234813690185430e+05 5.86680087808619626e+06
6.58254134505616151e-03 6.05581054687499884e+05 5.86098640744419303e+06
6.64158760653493947e-03 6.05926952362060547e+05 5.85517193680218048e+06
6.70063386801371657e-03 6.06272506713867188e+05 5.84935746616008878e+06
6.75968012949249367e-03 6.06617717742919922e+05 5.84354299551792257e+06
6.81872639097127163e-03 6.06962585449218750e+05 5.83772852487567998e+06
6.87777265245004873e-03 6.07307109832763672e+05 5.83191405423336197e+06
6.93681891392882582e-03 6.07651290893554688e+05 5.82609958359096851e+06
6.99586517540760379e-03 6.07995128631591913e+05 5.82028511294849869e+06
7.05491143688638089e-03 6.08338623046875116e+05 5.81447064230595436e+06
7.11395769836515798e-03 6.08681774139404530e+05 5.80865617166339140e+06
7.17300395984393508e-03 6.09024581909179804e+05 5.80284170102086570e+06
7.23205022132271218e-03 6.09367046356201288e+05 5.79702723037837911e+06
7.29109648280149014e-03 6.09709167480468983e+05 5.79121275973593164e+06
7.35014274428026724e-03 6.10050945281982538e+05 5.78539828909352142e+06
7.40918900575904434e-03 6.10392379760742304e+05 5.77958381845115032e+06
7.46823526723782230e-03 6.10733470916748163e+05 5.77376934780881833e+06
7.52728152871659940e-03 6.11074218750000000e+05 5.76795487716652453e+06
7.58632779019537649e-03 6.11414623260498047e+05 5.76214040652425680e+06
7.64537405167415446e-03 6.11754684448242071e+05 5.75632593588200491e+06
7.70442031315293156e-03 6.12094402313232305e+05 5.75051146523976885e+06
7.76346657463170865e-03 6.12433776855468634e+05 5.74469699459754862e+06
7.82251283611048662e-03 6.12772808074950939e+05 5.73888252395534236e+06
7.88155909758926285e-03 6.13111495971679455e+05 5.73306805331315286e+06
7.94060535906804081e-03 6.13449840545654064e+05 5.72725358267097827e+06
7.99965162054681878e-03 6.13787841796874884e+05 5.72143911202881858e+06
8.05869788202559501e-03 6.14125499725341680e+05 5.71562464138664398e+06
8.11774414350437297e-03 6.14462814331054455e+05 5.70981017074442282e+06
8.17679040498315093e-03 6.14799785614013555e+05 5.70399570010215603e+06
8.23583666646192716e-03 6.15136413574218750e+05 5.69818122945984267e+06
8.29488292794070513e-03 6.15472698211669922e+05 5.69236675881748367e+06
8.35392918941948309e-03 6.15808639526367188e+05 5.68655228817507811e+06
8.41297545089825932e-03 6.16144237518310547e+05 5.68073781753262598e+06
8.47202171237703729e-03 6.16479492187500000e+05 5.67492334689012729e+06
8.53106797385581525e-03 6.16814403533935430e+05 5.66910887624763697e+06
8.59011423533459148e-03 6.17148971557617071e+05 5.66329440560520813e+06
8.64916049681336944e-03 6.17483196258544805e+05 5.65747993496284075e+06
8.70820675829214567e-03 6.17817077636718634e+05 5.65166546432053577e+06
8.76725301977092364e-03 6.18150615692138439e+05 5.64585099367829133e+06
8.82629928124969987e-03 6.18483810424804455e+05 5.64003652303610928e+06
8.88534554272847783e-03 6.18816661834716564e+05 5.63422205239398871e+06
8.94439180420725580e-03 6.19149169921874767e+05 5.62840758175192960e+06
9.00343806568603203e-03 6.19481334686279064e+05 5.62259311110987235e+06
9.06248432716480999e-03 6.19813156127929455e+05 5.61677864046775736e+06
9.12153058864358796e-03 6.20144634246825939e+05 5.61096416982558463e+06
9.18057685012236419e-03 6.20475769042968750e+05 5.60514969918335415e+06
9.23962311160114215e-03 6.20806560516357422e+05 5.59933522854106594e+06
9.29866937307992011e-03 6.21137008666992188e+05 5.59352075789871998e+06
9.35771563455869634e-03 6.21467113494873047e+05 5.58770628725631628e+06
9.41676189603747431e-03 6.21796875000000116e+05 5.58189181661385484e+06
9.47580815751625227e-03 6.22126293182373163e+05 5.57607734597137384e+06
9.53485441899502850e-03 6.22455368041992304e+05 5.57026287532891240e+06
9.59390068047380647e-03 6.22784099578857538e+05 5.56444840468646958e+06
9.65294694195258443e-03 6.23112487792968983e+05 5.55863393404404633e+06
9.71199320343136066e-03 6.23440532684326288e+05 5.55281946340164263e+06
9.77103946491013862e-03 6.23768234252929804e+05 5.54700499275925849e+06
9.83008572638891659e-03 6.24095592498779413e+05 5.54119052211689297e+06
9.88913198786769282e-03 6.24422607421875116e+05 5.53537605147454701e+06
9.94817824934647078e-03 6.24749279022216913e+05 5.52956158083222248e+06
1.00072245108252487e-02 6.25075607299804688e+05 5.52374711018992029e+06
1.00662707723040250e-02 6.25401592254638672e+05 5.51793263954764232e+06
1.01253170337828012e-02 6.25727233886718750e+05 5.51211816890538670e+06
1.01843632952615809e-02 6.26052532196044805e+05 5.50630369826315437e+06
1.02434095567403571e-02 6.26377487182617071e+05 5.50048922762094438e+06
1.03024558182191334e-02 6.26702098846435430e+05 5.49467475697875861e+06
1.03615020796979113e-02 6.27026367187499884e+05 5.48886028633659519e+06
1.04205483411766893e-02 6.27350292205810547e+05 5.48304581569442432e+06
1.04795946026554655e-02 6.27673873901367188e+05 5.47723134505221527e+06
1.05386408641342435e-02 6.27997112274169922e+05 5.47141687440996710e+06
1.05976871256130215e-02 6.28320007324218750e+05 5.46560240376768075e+06
1.06567333870917977e-02 6.28642559051513672e+05 5.45978793312535621e+06
1.07157796485705756e-02 6.28964767456054688e+05 5.45397346248299256e+06
1.07748259100493536e-02 6.29286632537841913e+05 5.44815899184059072e+06
1.08338721715281298e-02 6.29608154296875116e+05 5.44234452119815070e+06
1.08929184330069078e-02 6.29929332733154413e+05 5.43653005055570230e+06
1.09519646944856858e-02 6.30250167846679804e+05 5.43071557991327811e+06
1.10110109559644620e-02 6.30570659637451288e+05 5.42490110927087534e+06
1.10700572174432400e-02 6.30890808105468866e+05 5.41908663862849679e+06
1.11291034789220179e-02 6.31210613250732422e+05 5.41327216798614152e+06
1.11881497404007942e-02 6.31530075073242188e+05 5.40745769734380860e+06
1.12471960018795721e-02 6.31849193572998047e+05 5.40164322670149896e+06
1.13062422633583501e-02 6.32167968750000000e+05 5.39582875605921354e+06
1.13652885248371263e-02 6.32486400604248047e+05 5.39001428541694209e+06
1.14243347863159043e-02 6.32804489135742188e+05 5.38419981477467902e+06
1.14833810477946822e-02 6.33122234344482422e+05 5.37838534413242340e+06
1.15424273092734585e-02 6.33439636230468750e+05 5.37257087349017523e+06
1.16014735707522347e-02 6.33756694793701055e+05 5.36675640284793545e+06
1.16605198322310144e-02 6.34073410034179571e+05 5.36094193220570311e+06
1.17195660937097906e-02 6.34389781951904180e+05 5.35512746156347822e+06
1.17786123551885669e-02 6.34705810546874884e+05 5.34931299092126172e+06
1.18376586166673466e-02 6.35021495819091680e+05 5.34349852027903870e+06
1.18967048781461228e-02 6.35336837768554571e+05 5.33768404963679612e+06
1.19557511396248990e-02 6.35651836395263555e+05 5.33186957899453491e+06
1.20147974011036770e-02 6.35966491699218750e+05 5.32605510835225508e+06
1.20738436625824549e-02 6.36280803680419922e+05 5.32024063770995475e+06
1.21328899240612312e-02 6.36594772338867188e+05 5.31442616706763580e+06
1.21919361855400091e-02 6.36908397674560547e+05 5.30861169642529730e+06
1.22509824470187871e-02 6.37221679687500000e+05 5.30279722578294016e+06
1.23100287084975633e-02 6.37534618377685663e+05 5.29698275514057837e+06
1.23690749699763413e-02 6.37847213745117188e+05 5.29116828449822869e+06
1.24281212314551193e-02 6.38159465789795038e+05 5.28535381385589018e+06
1.24871674929338955e-02 6.38471374511718866e+05 5.27953934321356378e+06
1.25462137544126735e-02 6.38782939910888788e+05 5.27372487257124856e+06
1.26052600158914514e-02 6.39094161987304688e+05 5.26791040192894451e+06
1.26643062773702277e-02 6.39405040740966913e+05 5.26209593128665257e+06
1.27233525388490056e-02 6.39715576171875116e+05 5.25628146064437181e+06
1.27823988003277836e-02 6.40025768280029413e+05 5.25046699000208732e+06
1.28414450618065598e-02 6.40335617065429804e+05 5.24465251935978420e+06
1.29004913232853378e-02 6.40645122528076288e+05 5.23883804871746060e+06
1.29595375847641157e-02 6.40954284667968983e+05 5.23302357807511836e+06
1.30185838462428920e-02 6.41263103485107538e+05 5.22720910743275750e+06
1.30776301077216682e-02 6.41571578979492304e+05 5.22139463679037709e+06
1.31366763692004479e-02 6.41879711151123163e+05 5.21558016614797711e+06
1.31957226306792241e-02 6.42187500000000116e+05 5.20976569550555758e+06
1.32547688921580004e-02 6.42494945526123163e+05 5.20395122486314457e+06
1.33138151536367801e-02 6.42802047729492188e+05 5.19813675422076136e+06
1.33728614151155563e-02 6.43108806610107422e+05 5.19232228357840981e+06
1.34319076765943325e-02 6.43415222167968750e+05 5.18650781293608900e+06
1.34909539380731105e-02 6.43721294403076172e+05 5.18069334229379892e+06
1.35500001995518884e-02 6.44027023315429688e+05 5.17487887165153958e+06
1.36090464610306647e-02 6.44332408905029297e+05 5.16906440100931097e+06
1.36680927225094426e-02 6.44637451171874884e+05 5.16324993036711309e+06
1.37271389839882206e-02 6.44942150115966680e+05 5.15743545972492266e+06
1.37861852454669968e-02 6.45246505737304571e+05 5.15162098908271734e+06
1.38452315069457748e-02 6.45550518035888555e+05 5.14580651844049618e+06
1.39042777684245528e-02 6.45854187011718750e+05 5.13999204779826012e+06
1.39633240299033290e-02 6.46157512664794922e+05 5.13417757715600822e+06
1.40223702913821070e-02 6.46460494995117188e+05 5.12836310651374143e+06
1.40814165528608849e-02 6.46763134002685547e+05 5.12254863587145880e+06
1.41404628143396612e-02 6.47065429687500000e+05 5.11673416522916127e+06
1.41995090758184391e-02 6.47367382049560547e+05 5.11091969458684791e+06
1.42585553372972171e-02 6.47668991088867188e+05 5.10510522394451872e+06
1.43176015987759933e-02 6.47970256805419922e+05 5.09929075330217462e+06
1.43766478602547713e-02 6.48271179199218750e+05 5.09347628265981562e+06
1.44356941217335475e-02 6.48571758270263672e+05 5.08766181201744080e+06
1.44947403832123255e-02 6.48871994018554688e+05 5.08184734137505013e+06
1.45537866446911034e-02 6.49171886444091797e+05 5.07603287073264457e+06
1.46128329061698797e-02 6.49471435546875000e+05 5.07021840009022318e+06
1.46718791676486576e-02 6.49770641326904297e+05 5.06440392944781575e+06
1.47309254291274356e-02 6.50069503784179688e+05 5.05858945880545024e+06
1.47899716906062118e-02 6.50368022918701172e+05 5.05277498816312756e+06
1.48490179520849898e-02 6.50666198730468750e+05 5.04696051752084680e+06
1.49080642135637677e-02 6.50964031219482189e+05 5.04114604687860887e+06
1.49671104750425440e-02 6.51261520385741955e+05 5.03533157623641286e+06
1.50261567365213219e-02 6.51558666229247930e+05 5.02951710559425969e+06
1.50852029980000982e-02 6.51855468749999884e+05 5.02370263495214842e+06
1.51442492594788761e-02 6.52151927947997930e+05 5.01788816431003157e+06
1.52032955209576541e-02 6.52448043823242071e+05 5.01207369366786070e+06
1.52623417824364303e-02 6.52743816375732305e+05 5.00625922302563582e+06
1.53213880439152083e-02 6.53039245605468750e+05 5.00044475238335785e+06
1.53804343053939863e-02 6.53334331512451172e+05 4.99463028174102493e+06
1.54394805668727625e-02 6.53629074096679688e+05 4.98881581109863892e+06
1.54985268283515405e-02 6.53923473358154297e+05 4.98300134045619797e+06
1.55575730898303184e-02 6.54217529296875116e+05 4.97718686981370393e+06
1.56166193513090946e-02 6.54511241912841913e+05 4.97137239917120337e+06
1.56756656127878743e-02 6.54804611206054688e+05 4.96555792852874659e+06
1.57347118742666506e-02 6.55097637176513672e+05 4.95974345788633078e+06
1.57937581357454268e-02 6.55390319824218750e+05 4.95392898724395782e+06
1.58528043972242030e-02 6.55682659149169922e+05 4.94811451660162676e+06
1.59118506587029793e-02 6.55974655151367188e+05 4.94230004595933855e+06
1.59708969201817590e-02 6.56266307830810547e+05 4.93648557531709317e+06
1.60299431816605387e-02 6.56557617187499884e+05 4.93067110467488971e+06
1.60889894431393149e-02 6.56848583221435430e+05 4.92485663403269928e+06
1.61480357046180911e-02 6.57139205932617071e+05 4.91904216339049395e+06
1.62070819660968674e-02 6.57429485321044805e+05 4.91322769274827279e+06
1.62661282275756436e-02 6.57719421386718750e+05 4.90741322210603673e+06
1.63251744890544233e-02 6.58009014129638672e+05 4.90159875146378484e+06
1.63842207505332030e-02 6.58298263549804688e+05 4.89578428082151804e+06
1.64432670120119792e-02 6.58587169647216797e+05 4.88996981017923541e+06
1.65023132734907554e-02 6.58875732421875000e+05 4.88415533953693788e+06
1.65613595349695317e-02 6.59163951873779297e+05 4.87834086889462825e+06
1.66204057964483079e-02 6.59451828002929688e+05 4.87252639825231116e+06
1.66794520579270876e-02 6.59739360809326172e+05 4.86671192760998663e+06
1.67384983194058638e-02 6.60026550292968750e+05 4.86089745696765371e+06
1.67975445808846435e-02 6.60313396453857422e+05 4.85508298632531334e+06
1.68565908423634198e-02 6.60599899291992188e+05 4.84926851568296552e+06
1.69156371038421960e-02 6.60886058807373047e+05 4.84345404504061025e+06
1.69746833653209722e-02 6.61171875000000000e+05 4.83763957439824659e+06
1.70337296267997519e-02 6.61457347869873047e+05 4.83182510375588667e+06
1.70927758882785281e-02 6.61742477416992188e+05 4.82601063311354257e+06
1.71518221497573078e-02 6.62027263641357422e+05 4.82019616247121431e+06
1.72108684112360841e-02 6.62311706542968750e+05 4.81438169182890095e+06
1.72699146727148603e-02 6.62595806121826172e+05 4.80856722118660342e+06
1.73289609341936365e-02 6.62879562377929688e+05 4.80275275054432079e+06
1.73880071956724128e-02 6.63162975311279297e+05 4.79693827990205400e+06
1.74470534571511925e-02 6.63446044921875000e+05 4.79112380925980210e+06
1.75060997186299722e-02 6.63728771209716797e+05 4.78530933861754462e+06
1.75651459801087484e-02 6.64011154174804688e+05 4.77949486797526013e+06
1.76241922415875246e-02 6.64293193817138672e+05 4.77368039733294863e+06
1.76832385030663009e-02 6.64574890136718750e+05 4.76786592669061013e+06
1.77422847645450771e-02 6.64856243133544922e+05 4.76205145604824554e+06
1.78013310260238568e-02 6.65137252807617188e+05 4.75623698540585302e+06
1.78603772875026365e-02 6.65417919158935547e+05 4.75042251476343349e+06
1.79194235489814127e-02 6.65698242187500000e+05 4.74460804412098788e+06
1.79784698104601889e-02 6.65978221893310547e+05 4.73879357347855344e+06
1.80375160719389652e-02 6.66257858276367071e+05 4.73297910283616837e+06
1.80965623334177414e-02 6.66537151336669805e+05 4.72716463219383359e+06
1.81556085948965211e-02 6.66816101074218634e+05 4.72135016155155003e+06
1.82146548563752973e-02 6.67094707489013439e+05 4.71553569090931490e+06
1.82737011178540770e-02 6.67372970581054455e+05 4.70972122026713099e+06
1.83327473793328533e-02 6.67650890350341564e+05 4.70390674962499645e+06
1.83917936408116295e-02 6.67928466796874767e+05 4.69809227898291219e+06
1.84508399022904057e-02 6.68205699920654064e+05 4.69227780834082887e+06
1.85098861637691854e-02 6.68482589721679455e+05 4.68646333769869432e+06
1.85689324252479616e-02 6.68759136199950939e+05 4.68064886705650948e+06
1.86279786867267413e-02 6.69035339355468634e+05 4.67483439641427528e+06
1.86870249482055176e-02 6.69311199188232305e+05 4.66901992577199079e+06
1.87460712096842938e-02 6.69586715698242071e+05 4.66320545512965694e+06
1.88051174711630700e-02 6.69861888885498047e+05 4.65739098448727187e+06
1.88641637326418497e-02 6.70136718750000000e+05 4.65157651384483743e+06
1.89232099941206260e-02 6.70411205291748047e+05 4.64576204320238996e+06
1.89822562555994057e-02 6.70685348510742188e+05 4.63994757255996484e+06
1.90413025170781819e-02 6.70959148406982422e+05 4.63413310191756301e+06
1.91003487785569581e-02 6.71232604980468750e+05 4.62831863127518352e+06
1.91593950400357343e-02 6.71505718231201172e+05 4.62250416063282825e+06
1.92184413015145106e-02 6.71778488159179688e+05 4.61668968999049533e+06
1.92774875629932903e-02 6.72050914764404297e+05 4.61087521934818663e+06
1.93365338244720700e-02 6.72322998046875000e+05 4.60506074870590027e+06
1.93955800859508462e-02 6.72594738006591797e+05 4.59924627806362510e+06
1.94546263474296224e-02 6.72866134643554688e+05 4.59343180742135085e+06
1.95136726089083987e-02 6.73137187957763672e+05 4.58761733677907567e+06
1.95727188703871749e-02 6.73407897949218750e+05 4.58180286613680050e+06
1.96317651318659546e-02 6.73678264617919922e+05 4.57598839549452625e+06
1.96908113933447308e-02 6.73948287963867188e+05 4.57017392485225108e+06
1.97498576548235105e-02 6.74217967987060547e+05 4.56435945420997683e+06
1.98089039163022868e-02 6.74487304687500000e+05 4.55854498356770165e+06
1.98679501777810630e-02 6.74756298065185547e+05 4.55273051292541903e+06
1.99269964392598392e-02 6.75024948120117188e+05 4.54691604228312150e+06
1.99860427007386189e-02 6.75293254852294922e+05 4.54110157164080814e+06
2.00450889622173951e-02 6.75561218261718750e+05 4.53528710099847987e+06
2.01041352236961748e-02 6.75828838348388672e+05 4.52947263035613578e+06
2.01631814851749511e-02 6.76096115112304688e+05 4.52365815971377585e+06
2.02222277466537273e-02 6.76363048553466797e+05 4.51784368907140102e+06
2.02812740081325035e-02 6.76629638671875000e+05 4.51202921842901036e+06
2.03403202696112832e-02 6.76895885467529297e+05 4.50621474778662622e+06
2.03993665310900595e-02 6.77161788940429688e+05 4.50040027714426816e+06
2.04584127925688392e-02 6.77427349090576172e+05 4.49458580650193803e+06
2.05174590540476154e-02 6.77692565917968750e+05 4.48877133585963398e+06
2.05765053155263916e-02 6.77957439422607305e+05 4.48295686521735787e+06
2.06355515770051678e-02 6.78221969604492071e+05 4.47714239457510784e+06
2.06945978384839441e-02 6.78486156463622930e+05 4.47132792393288482e+06
2.07536440999627238e-02 6.78749999999999884e+05 4.46551345329068881e+06
2.08126903614415035e-02 6.79013500213622930e+05 4.45969898264849372e+06
2.08717366229202797e-02 6.79276657104492071e+05 4.45388451200627070e+06
2.09307828843990559e-02 6.79539470672607305e+05 4.44807004136402067e+06
2.09898291458778322e-02 6.79801940917968750e+05 4.44225557072174456e+06
2.10488754073566084e-02 6.80064067840576172e+05 4.43644110007944051e+06
2.11079216688353881e-02 6.80325851440429688e+05 4.43062662943710946e+06
2.11669679303141643e-02 6.80587291717529297e+05 4.42481215879475232e+06
2.12260141917929440e-02 6.80848388671875000e+05 4.41899768815236818e+06
2.12850604532717202e-02 6.81109142303466797e+05 4.41318321750997752e+06
2.13441067147504965e-02 6.81369552612304688e+05 4.40736874686760269e+06
2.14031529762292762e-02 6.81629619598388672e+05 4.40155427622524276e+06
2.14621992377080524e-02 6.81889343261718750e+05 4.39573980558289867e+06
2.15212454991868286e-02 6.82148723602294922e+05 4.38992533494057041e+06
2.15802917606656049e-02 6.82407760620117188e+05 4.38411086429825705e+06
2.16393380221443846e-02 6.82666454315185547e+05 4.37829639365595952e+06
2.16983842836231608e-02 6.82924804687500000e+05 4.37248192301367689e+06
2.17574305451019370e-02 6.83182811737060547e+05 4.36666745237139985e+06
2.18164768065807167e-02 6.83440475463867188e+05 4.36085298172911908e+06
2.18755230680594930e-02 6.83697795867919922e+05 4.35503851108683459e+06
2.19345693295382692e-02 6.83954772949218750e+05 4.34922404044454638e+06
2.19936155910170489e-02 6.84211406707763672e+05 4.34340956980225444e+06
2.20526618524958251e-02 6.84467697143554688e+05 4.33759509915995877e+06
2.21117081139746013e-02 6.84723644256591797e+05 4.33178062851765845e+06
2.21707543754533810e-02 6.84979248046875000e+05 4.32596615787535533e+06
2.22298006369321573e-02 6.85234508514404297e+05 4.32015168723304383e+06
2.22888468984109335e-02 6.85489425659179688e+05 4.31433721659072116e+06
2.23478931598897132e-02 6.85743999481201172e+05 4.30852274594838638e+06
2.24069394213684894e-02 6.85998229980468750e+05 4.30270827530604042e+06
2.24659856828472657e-02 6.86252117156982422e+05 4.29689380466368329e+06
2.25250319443260454e-02 6.86505661010742188e+05 4.29107933402131405e+06
2.25840782058048216e-02 6.86758861541748047e+05 4.28526486337893270e+06
2.26431244672835978e-02 6.87011718750000000e+05 4.27945039273654111e+06
2.27021707287623775e-02 6.87264232635497930e+05 4.27363592209416628e+06
2.27612169902411537e-02 6.87516403198242071e+05 4.26782145145183709e+06
2.28202632517199300e-02 6.87768230438232189e+05 4.26200698080955446e+06
2.28793095131987097e-02 6.88019714355468517e+05 4.25619251016731840e+06
2.29383557746774859e-02 6.88270854949950939e+05 4.25037803952512797e+06
2.29974020361562621e-02 6.88521652221679455e+05 4.24456356888298411e+06
2.30564482976350384e-02 6.88772106170654064e+05 4.23874909824088681e+06
2.31154945591138181e-02 6.89022216796874767e+05 4.23293462759883516e+06
2.31745408205925943e-02 6.89271984100341680e+05 4.22712015695677046e+06
2.32335870820713705e-02 6.89521408081054571e+05 4.22130568631463218e+06
2.32926333435501502e-02 6.89770488739013555e+05 4.21549121567242127e+06
2.33516796050289265e-02 6.90019226074218750e+05 4.20967674503013678e+06
2.34107258665077027e-02 6.90267620086669922e+05 4.20386227438777965e+06
2.34697721279864824e-02 6.90515670776367188e+05 4.19804780374534894e+06
2.35288183894652586e-02 6.90763378143310663e+05 4.19223333310284466e+06
2.35878646509440348e-02 6.91010742187500233e+05 4.18641886246026773e+06
2.36469109124228145e-02 6.91257762908935663e+05 4.18060439181768475e+06
2.37059571739015908e-02 6.91504440307617304e+05 4.17478992117516370e+06
2.37650034353803670e-02 6.91750774383545038e+05 4.16897545053270366e+06
2.38240496968591467e-02 6.91996765136718750e+05 4.16316097989030601e+06
2.38830959583379229e-02 6.92242412567138672e+05 4.15734650924796937e+06
2.39421422198166992e-02 6.92487716674804688e+05 4.15153203860569466e+06
2.40011884812954789e-02 6.92732677459716797e+05 4.14571756796348142e+06
2.40602347427742551e-02 6.92977294921875000e+05 4.13990309732133010e+06
2.41192810042530313e-02 6.93221569061279180e+05 4.13408862667919369e+06
2.41783272657318110e-02 6.93465499877929571e+05 4.12827415603702702e+06
2.42373735272105872e-02 6.93709087371826055e+05 4.12245968539482914e+06
2.42964197886893635e-02 6.93952331542968750e+05 4.11664521475260053e+06
2.43554660501681432e-02 6.94195232391357422e+05 4.11083074411034118e+06
2.44145123116469194e-02 6.94437789916992188e+05 4.10501627346805111e+06
2.44735585731256956e-02 6.94680004119873047e+05 4.09920180282572983e+06
2.45326048346044719e-02 6.94921875000000000e+05 4.09338733218337828e+06
2.45916510960832516e-02 6.95163402557373047e+05 4.08757286154100904e+06
2.46506973575620278e-02 6.95404586791992188e+05 4.08175839089863608e+06
2.47097436190408040e-02 6.95645427703857422e+05 4.07594392025625939e+06
2.47687898805195837e-02 6.95885925292968866e+05 4.07012944961387850e+06
2.48278361419983599e-02 6.96126079559326172e+05 4.06431497897149390e+06
2.48868824034771362e-02 6.96365890502929688e+05 4.05850050832910556e+06
2.49459286649559159e-02 6.96605358123779413e+05 4.05268603768671351e+06
2.50049749264346921e-02 6.96844482421875116e+05 4.04687156704431726e+06
2.50640211879134683e-02 6.97083263397216797e+05 4.04105709640193684e+06
2.51230674493922480e-02 6.97321701049804688e+05 4.03524262575959088e+06
2.51821137108710243e-02 6.97559795379638672e+05 4.02942815511727938e+06
2.52411599723498005e-02 6.97797546386718750e+05 4.02361368447500281e+06
2.53002062338285802e-02 6.98034954071044689e+05 4.01779921383276070e+06
2.53592524953073564e-02 6.98272018432616955e+05 4.01198474319055304e+06
2.54182987567861327e-02 6.98508739471435430e+05 4.00617027254838031e+06
2.54773450182649124e-02 6.98745117187499884e+05 4.00035580190624250e+06
2.55363912797436886e-02 6.98981151580810430e+05 3.99454133126410237e+06
2.55954375412224648e-02 6.99216842651366955e+05 3.98872686062192405e+06
2.56544838027012445e-02 6.99452190399169689e+05 3.98291238997970708e+06
2.57135300641800207e-02 6.99687194824218750e+05 3.97709791933745146e+06
2.57725763256587970e-02 6.99921855926513672e+05 3.97128344869515719e+06
2.58316225871375767e-02 7.00156173706054688e+05 3.96546897805282474e+06
2.58906688486163529e-02 7.00390148162841797e+05 3.95965450741045363e+06
2.59497151100951291e-02 7.00623779296875000e+05 3.95384003676804435e+06
2.60087613715739088e-02 7.00857067108154297e+05 3.94802556612562900e+06
2.60678076330526851e-02 7.01090011596679688e+05 3.94221109548324067e+06
2.61268538945314613e-02 7.01322612762451172e+05 3.93639662484087888e+06
2.61859001560102375e-02 7.01554870605468750e+05 3.93058215419854457e+06
2.62449464174890172e-02 7.01786785125732422e+05 3.92476768355623726e+06
2.63039926789677934e-02 7.02018356323242188e+05 3.91895321291395649e+06
2.63630389404465697e-02 7.02249584197998047e+05 3.91313874227170274e+06
2.64220852019253494e-02 7.02480468750000000e+05 3.90732427162947645e+06
2.64811314634041256e-02 7.02711009979248047e+05 3.90150980098724598e+06
2.65401777248829018e-02 7.02941207885742188e+05 3.89569533034498058e+06
2.65992239863616815e-02 7.03171062469482422e+05 3.88988085970268073e+06
2.66582702478404578e-02 7.03400573730468750e+05 3.88406638906034641e+06
2.67173165093192340e-02 7.03629741668701288e+05 3.87825191841797717e+06
2.67763627707980137e-02 7.03858566284179804e+05 3.87243744777557347e+06
2.68354090322767899e-02 7.04087047576904413e+05 3.86662297713313485e+06
2.68944552937555661e-02 7.04315185546875116e+05 3.86080850649066176e+06
2.69535015552343458e-02 7.04542980194091797e+05 3.85499403584819473e+06
2.70125478167131221e-02 7.04770431518554688e+05 3.84917956520577334e+06
2.70715940781918983e-02 7.04997539520263672e+05 3.84336509456339851e+06
2.71306403396706780e-02 7.05224304199218750e+05 3.83755062392106978e+06
2.71896866011494542e-02 7.05450725555419805e+05 3.83173615327878762e+06
2.72487328626282305e-02 7.05676803588867071e+05 3.82592168263655109e+06
2.73077791241070102e-02 7.05902538299560430e+05 3.82010721199436113e+06
2.73668253855857864e-02 7.06127929687499884e+05 3.81429274135221727e+06
2.74258716470645626e-02 7.06352977752685430e+05 3.80847827071008086e+06
2.74849179085433423e-02 7.06577682495116955e+05 3.80266380006791418e+06
2.75439641700221186e-02 7.06802043914794689e+05 3.79684932942571631e+06
2.76030104315008948e-02 7.07026062011718634e+05 3.79103485878348770e+06
2.76620566929796710e-02 7.07249736785888555e+05 3.78522038814122835e+06
2.77211029544584507e-02 7.07473068237304571e+05 3.77940591749893827e+06
2.77801492159372269e-02 7.07696056365966797e+05 3.77359144685661746e+06
2.78391954774160032e-02 7.07918701171875000e+05 3.76777697621426545e+06
2.78982417388947829e-02 7.08141002655029297e+05 3.76196250557190413e+06
2.79572880003735591e-02 7.08362960815429688e+05 3.75614803492955398e+06
2.80163342618523353e-02 7.08584575653076172e+05 3.75033356428721594e+06
2.80753805233311150e-02 7.08805847167968750e+05 3.74451909364488907e+06
2.81344267848098913e-02 7.09026775360107422e+05 3.73870462300257385e+06
2.81934730462886675e-02 7.09247360229492188e+05 3.73289015236027027e+06
2.82525193077674472e-02 7.09467601776123047e+05 3.72707568171797832e+06
2.83115655692462234e-02 7.09687500000000000e+05 3.72126121107569756e+06
2.83706118307249996e-02 7.09907054901123047e+05 3.71544674043341493e+06
2.84296580922037793e-02 7.10126266479492188e+05 3.70963226979111740e+06
2.84887043536825556e-02 7.10345134735107422e+05 3.70381779914880404e+06
2.85477506151613318e-02 7.10563659667968750e+05 3.69800332850647531e+06
2.86067968766401115e-02 7.10781841278076172e+05 3.69218885786413122e+06
2.86658431381188877e-02 7.10999679565429688e+05 3.68637438722177176e+06
2.87248893995976640e-02 7.11217174530029297e+05 3.68055991657939693e+06
2.87839356610764437e-02 7.11434326171875000e+05 3.67474544593700627e+06
2.88429819225552199e-02 7.11651134490966797e+05 3.66893097529461794e+06
2.89020281840339961e-02 7.11867599487304688e+05 3.66311650465224870e+06
2.89610744455127758e-02 7.12083721160888672e+05 3.65730203400989901e+06
2.90201207069915521e-02 7.12299499511718750e+05 3.65148756336756842e+06
2.90791669684703283e-02 7.12514934539794805e+05 3.64567309272525692e+06
2.91382132299491045e-02 7.12730026245117071e+05 3.63985862208296498e+06
2.91972594914278842e-02 7.12944774627685430e+05 3.63404415144069213e+06
2.92563057529066604e-02 7.13159179687499884e+05 3.62822968079843838e+06
2.93153520143854367e-02 7.13373241424560430e+05 3.62241521015619067e+06
2.93743982758642164e-02 7.13586959838866955e+05 3.61660073951393506e+06
2.94334445373429926e-02 7.13800334930419689e+05 3.61078626887167199e+06
2.94924907988217688e-02 7.14013366699218634e+05 3.60497179822940100e+06
2.95515370603005485e-02 7.14226055145263439e+05 3.59915732758712256e+06
2.96105833217793248e-02 7.14438400268554455e+05 3.59334285694483621e+06
2.96696295832581010e-02 7.14650402069091680e+05 3.58752838630254194e+06
2.97286758447368807e-02 7.14862060546874884e+05 3.58171391566024022e+06
2.97877221062156569e-02 7.15073375701904180e+05 3.57589944501793664e+06
2.98467683676944331e-02 7.15284347534179455e+05 3.57008497437563678e+06
2.99058146291732128e-02 7.15494976043700939e+05 3.56427050373334065e+06
2.99648608906519891e-02 7.15705261230468634e+05 3.55845603309104871e+06
3.00239071521307653e-02 7.15915203094482189e+05 3.55264156244876049e+06
3.00829534136095450e-02 7.16124801635741955e+05 3.54682709180647600e+06
3.01419996750883212e-02 7.16334056854247930e+05 3.54101262116419571e+06
3.02010459365670975e-02 7.16542968749999884e+05 3.53519815052191867e+06
3.02600921980458772e-02 7.16751537322997930e+05 3.52938367987963837e+06
3.03191384595246534e-02 7.16959762573242071e+05 3.52356920923734596e+06
3.03781847210034296e-02 7.17167644500732305e+05 3.51775473859504238e+06
3.04372309824822093e-02 7.17375183105468750e+05 3.51194026795272715e+06
3.04962772439609855e-02 7.17582378387451172e+05 3.50612579731040075e+06
3.05553235054397618e-02 7.17789230346679688e+05 3.50031132666806225e+06
3.06143697669185380e-02 7.17995738983154297e+05 3.49449685602571256e+06
3.06734160283973177e-02 7.18201904296875000e+05 3.48868238538335077e+06
3.07324622898760939e-02 7.18407726287841797e+05 3.48286791474099318e+06
3.07915085513548702e-02 7.18613204956054688e+05 3.47705344409865513e+06
3.08505548128336499e-02 7.18818340301513672e+05 3.47123897345633619e+06
3.09096010743124261e-02 7.19023132324218750e+05 3.46542450281403633e+06
3.09686473357912023e-02 7.19227581024169805e+05 3.45961003217175556e+06
3.10276935972699820e-02 7.19431686401367071e+05 3.45379556152949436e+06
3.10867398587487583e-02 7.19635448455810430e+05 3.44798109088725224e+06
3.11457861202275345e-02 7.19838867187499884e+05 3.44216662024502968e+06
3.12048323817063142e-02 7.20041942596435430e+05 3.43635214960280294e+06
3.12638786431850904e-02 7.20244674682617071e+05 3.43053767896054918e+06
3.13229249046638666e-02 7.20447063446044805e+05 3.42472320831826888e+06
3.13819711661426498e-02 7.20649108886718750e+05 3.41890873767596111e+06
3.14410174276214260e-02 7.20850811004638672e+05 3.41309426703362679e+06
3.15000636891002023e-02 7.21052169799804688e+05 3.40727979639126547e+06
3.15591099505789785e-02 7.21253185272216797e+05 3.40146532574887713e+06
3.16181562120577547e-02 7.21453857421875000e+05 3.39565085510646179e+06
3.16772024735365310e-02 7.21654186248779297e+05 3.38983638446404412e+06
3.17362487350153072e-02 7.21854171752929688e+05 3.38402191382165020e+06
3.17952949964940834e-02 7.22053813934326172e+05 3.37820744317927910e+06
3.18543412579728596e-02 7.22253112792968750e+05 3.37239297253693128e+06
3.19133875194516428e-02 7.22452068328857305e+05 3.36657850189460628e+06
3.19724337809304190e-02 7.22650680541992071e+05 3.36076403125230456e+06
3.20314800424091953e-02 7.22848949432372930e+05 3.35494956061002612e+06
3.20905263038879784e-02 7.23046874999999884e+05 3.34913508996777050e+06
3.21495725653667547e-02 7.23244457244872930e+05 3.34332061932552652e+06
3.22086188268455309e-02 7.23441696166991955e+05 3.33750614868328255e+06
3.22676650883243071e-02 7.23638591766357189e+05 3.33169167804103857e+06
3.23267113498030834e-02 7.23835144042968634e+05 3.32587720739879459e+06
3.23857576112818596e-02 7.24031352996825939e+05 3.32006273675655061e+06
3.24448038727606358e-02 7.24227218627929455e+05 3.31424826611430664e+06
3.25038501342394121e-02 7.24422740936279180e+05 3.30843379547206266e+06
3.25628963957181883e-02 7.24617919921874884e+05 3.30261932482981868e+06
3.26219426571969645e-02 7.24812755584716680e+05 3.29680485418756306e+06
3.26809889186757477e-02 7.25007247924804571e+05 3.29099038354528463e+06
3.27400351801545239e-02 7.25201396942138555e+05 3.28517591290298291e+06
3.27990814416333001e-02 7.25395202636718750e+05 3.27936144226065790e+06
3.28581277031120833e-02 7.25588665008544922e+05 3.27354697161831008e+06
3.29171739645908595e-02 7.25781784057617188e+05 3.26773250097593898e+06
3.29762202260696358e-02 7.25974559783935547e+05 3.26191803033354459e+06
3.30352664875484120e-02 7.26166992187500000e+05 3.25610355969112739e+06
3.30943127490271882e-02 7.26359081268310547e+05 3.25028908904871810e+06
3.31533590105059645e-02 7.26550827026367188e+05 3.24447461840634700e+06
3.32124052719847407e-02 7.26742229461669922e+05 3.23866014776401455e+06
3.32714515334635169e-02 7.26933288574218750e+05 3.23284567712172028e+06
3.33304977949422931e-02 7.27124004364013555e+05 3.22703120647946466e+06
3.33895440564210763e-02 7.27314376831054571e+05 3.22121673583724769e+06
3.34485903178998525e-02 7.27504405975341680e+05 3.21540226519506937e+06
3.35076365793786288e-02 7.27694091796875000e+05 3.20958779455292923e+06
3.35666828408574119e-02 7.27883434295654297e+05 3.20377332391077979e+06
3.36257291023361882e-02 7.28072433471679688e+05 3.19795885326857213e+06
3.36847753638149644e-02 7.28261089324951172e+05 3.19214438262630720e+06
3.37438216252937406e-02 7.28449401855468750e+05 3.18632991198398406e+06
3.38028678867725169e-02 7.28637371063232538e+05 3.18051544134160364e+06
3.38619141482512931e-02 7.28824996948242304e+05 3.17470097069916502e+06
3.39209604097300693e-02 7.29012279510498163e+05 3.16888650005666912e+06
3.39800066712088455e-02 7.29199218750000233e+05 3.16307202941411501e+06
3.40390529326876218e-02 7.29385814666748047e+05 3.15725755877156276e+06
3.40980991941663980e-02 7.29572067260742304e+05 3.15144308812907245e+06
3.41571454556451812e-02 7.29757976531982422e+05 3.14562861748664360e+06
3.42161917171239574e-02 7.29943542480468750e+05 3.13981414684427669e+06
3.42752379786027336e-02 7.30128765106201172e+05 3.13399967620197078e+06
3.43342842400815168e-02 7.30313644409179571e+05 3.12818520555972680e+06
3.43933305015602930e-02 7.30498180389404180e+05 3.12237073491754476e+06
3.44523767630390693e-02 7.30682373046874884e+05 3.11655626427542372e+06
3.45114230245178455e-02 7.30866222381591680e+05 3.11074179363332223e+06
3.45704692859966217e-02 7.31049728393554455e+05 3.10492732299119793e+06
3.46295155474753980e-02 7.31232891082763439e+05 3.09911285234904988e+06
3.46885618089541742e-02 7.31415710449218634e+05 3.09329838170687901e+06
3.47476080704329504e-02 7.31598186492919805e+05 3.08748391106468532e+06
3.48066543319117266e-02 7.31780319213867071e+05 3.08166944042246835e+06
3.48657005933905098e-02 7.31962108612060547e+05 3.07585496978022810e+06
3.49247468548692860e-02 7.32143554687500000e+05 3.07004049913796503e+06
3.49837931163480623e-02 7.32324657440185663e+05 3.06422602849567682e+06
3.50428393778268454e-02 7.32505416870117304e+05 3.05841155785336159e+06
3.51018856393056217e-02 7.32685832977295038e+05 3.05259708721101936e+06
3.51609319007843979e-02 7.32865905761718866e+05 3.04678261656865012e+06
3.52199781622631741e-02 7.33045635223388905e+05 3.04096814592625434e+06
3.52790244237419504e-02 7.33225021362304804e+05 3.03515367528383108e+06
3.53380706852207266e-02 7.33404064178467030e+05 3.02933920464138128e+06
3.53971169466995028e-02 7.33582763671875233e+05 3.02352473399890400e+06
3.54561632081782790e-02 7.33761119842529530e+05 3.01771026335642720e+06
3.55152094696570553e-02 7.33939132690429804e+05 3.01189579271397740e+06
3.55742557311358315e-02 7.34116802215576405e+05 3.00608132207155414e+06
3.56333019926146147e-02 7.34294128417968866e+05 3.00026685142915789e+06
3.56923482540933909e-02 7.34471111297607538e+05 2.99445238078678912e+06
3.57513945155721671e-02 7.34647750854492304e+05 2.98863791014444688e+06
3.58104407770509503e-02 7.34824047088623163e+05 2.98282343950213166e+06
3.58694870385297265e-02 7.35000000000000000e+05 2.97700896885984344e+06
3.59285333000085028e-02 7.35175609588623047e+05 2.97119449821758224e+06
3.59875795614872790e-02 7.35350875854492071e+05 2.96538002757534757e+06
3.60466258229660552e-02 7.35525798797607305e+05 2.95956555693314038e+06
3.61056720844448314e-02 7.35700378417968634e+05 2.95375108629095973e+06
3.61647183459236077e-02 7.35874614715575939e+05 2.94793661564880656e+06
3.62237646074023839e-02 7.36048507690429455e+05 2.94212214500667993e+06
3.62828108688811601e-02 7.36222057342529064e+05 2.93630767436458031e+06
3.63418571303599433e-02 7.36395263671874884e+05 2.93049320372250769e+06
3.64009033918387195e-02 7.36568126678466680e+05 2.92467873308040807e+06
3.64599496533174958e-02 7.36740646362304688e+05 2.91886426243822789e+06
3.65189959147962789e-02 7.36912822723388672e+05 2.91304979179596622e+06
3.65780421762750552e-02 7.37084655761718750e+05 2.90723532115362398e+06
3.66370884377538314e-02 7.37256145477295038e+05 2.90142085051120119e+06
3.66961346992326076e-02 7.37427291870117304e+05 2.89560637986869738e+06
3.67551809607113839e-02 7.37598094940185780e+05 2.88979190922611253e+06
3.68142272221901601e-02 7.37768554687500233e+05 2.88397743858344667e+06
3.68732734836689363e-02 7.37938671112060663e+05 2.87816296794078872e+06
3.69323197451477125e-02 7.38108444213867304e+05 2.87234849729822716e+06
3.69913660066264888e-02 7.38277873992919922e+05 2.86653402665576199e+06
3.70504122681052650e-02 7.38446960449218750e+05 2.86071955601339275e+06
3.71094585295840412e-02 7.38615703582763672e+05 2.85490508537111990e+06
3.71685047910628313e-02 7.38784103393554571e+05 2.84909061472894344e+06
3.72275510525416076e-02 7.38952159881591680e+05 2.84327614408686291e+06
3.72865973140203838e-02 7.39119873046874884e+05 2.83746167344487878e+06
3.73456435754991600e-02 7.39287242889404064e+05 2.83164720280290628e+06
3.74046898369779363e-02 7.39454269409179455e+05 2.82583273216086067e+06
3.74637360984567125e-02 7.39620952606200939e+05 2.82001826151874196e+06
3.75227823599354887e-02 7.39787292480468634e+05 2.81420379087655013e+06
3.75818286214142649e-02 7.39953289031982422e+05 2.80838932023428474e+06
3.76408748828930412e-02 7.40118942260742188e+05 2.80257484959194669e+06
3.76999211443718174e-02 7.40284252166748047e+05 2.79676037894953508e+06
3.77589674058505936e-02 7.40449218750000000e+05 2.79094590830705035e+06
3.78180136673293699e-02 7.40613842010498163e+05 2.78513143766454840e+06
3.78770599288081461e-02 7.40778121948242304e+05 2.77931696702208510e+06
3.79361061902869362e-02 7.40942058563232538e+05 2.77350249637965998e+06
3.79951524517657124e-02 7.41105651855468750e+05 2.76768802573727351e+06
3.80541987132444887e-02 7.41268901824951172e+05 2.76187355509492569e+06
3.81132449747232649e-02 7.41431808471679688e+05 2.75605908445261605e+06
3.81722912362020411e-02 7.41594371795654297e+05 2.75024461381034506e+06
3.82313374976808173e-02 7.41756591796875000e+05 2.74443014316811273e+06
3.82903837591595936e-02 7.41918468475341797e+05 2.73861567252589017e+06
3.83494300206383698e-02 7.42080001831054688e+05 2.73280120188364806e+06
3.84084762821171460e-02 7.42241191864013672e+05 2.72698673124138685e+06
3.84675225435959223e-02 7.42402038574218750e+05 2.72117226059910608e+06
3.85265688050746985e-02 7.42562541961669922e+05 2.71535778995680623e+06
3.85856150665534747e-02 7.42722702026367188e+05 2.70954331931448728e+06
3.86446613280322648e-02 7.42882518768310547e+05 2.70372884867214877e+06
3.87037075895110411e-02 7.43041992187500000e+05 2.69791437802979117e+06
3.87627538509898173e-02 7.43201122283935547e+05 2.69209990738742799e+06
3.88218001124685935e-02 7.43359909057617188e+05 2.68628543674507225e+06
3.88808463739473698e-02 7.43518352508544922e+05 2.68047096610272443e+06
3.89398926354261460e-02 7.43676452636718750e+05 2.67465649546038406e+06
3.89989388969049222e-02 7.43834209442138672e+05 2.66884202481805161e+06
3.90579851583836984e-02 7.43991622924804688e+05 2.66302755417572660e+06
3.91170314198624747e-02 7.44148693084716797e+05 2.65721308353340952e+06
3.91760776813412509e-02 7.44305419921875000e+05 2.65139861289110035e+06
3.92351239428200271e-02 7.44461803436279297e+05 2.64558414224880049e+06
3.92941702042988034e-02 7.44617843627929688e+05 2.63976967160651227e+06
3.93532164657775796e-02 7.44773540496826172e+05 2.63395520096423570e+06
3.94122627272563697e-02 7.44928894042968750e+05 2.62814073032197030e+06
3.94713089887351459e-02 7.45083904266357305e+05 2.62232625967971655e+06
3.95303552502139222e-02 7.45238571166992071e+05 2.61651178903747490e+06
3.95894015116926984e-02 7.45392894744872930e+05 2.61069731839524442e+06
3.96484477731714746e-02 7.45546874999999884e+05 2.60488284775302513e+06
3.97074940346502508e-02 7.45700511932372930e+05 2.59906837711079838e+06
3.97665402961290271e-02 7.45853805541992071e+05 2.59325390646854509e+06
3.98255865576078033e-02 7.46006755828857305e+05 2.58743943582626432e+06
3.98846328190865795e-02 7.46159362792968750e+05 2.58162496518395701e+06
3.99436790805653558e-02 7.46311626434326172e+05 2.57581049454162270e+06
4.00027253420441320e-02 7.46463546752929688e+05 2.56999602389926091e+06
4.00617716035229082e-02 7.46615123748779297e+05 2.56418155325687258e+06
4.01208178650016983e-02 7.46766357421875000e+05 2.55836708261445723e+06
4.01798641264804746e-02 7.46917247772216797e+05 2.55255261197204608e+06
4.02389103879592508e-02 7.47067794799804688e+05 2.54673814132966893e+06
4.02979566494380270e-02 7.47217998504638672e+05 2.54092367068732670e+06
4.03570029109168033e-02 7.47367858886718750e+05 2.53510920004501939e+06
4.04160491723955795e-02 7.47517375946044805e+05 2.52929472940274654e+06
4.04750954338743557e-02 7.47666549682617071e+05 2.52348025876050815e+06
4.05341416953531319e-02 7.47815380096435430e+05 2.51766578811830468e+06
4.05931879568319082e-02 7.47963867187499884e+05 2.51185131747613568e+06
4.06522342183106844e-02 7.48112010955810547e+05 2.50603684683397086e+06
4.07112804797894606e-02 7.48259811401367188e+05 2.50022237619177904e+06
4.07703267412682369e-02 7.48407268524169922e+05 2.49440790554955974e+06
4.08293730027470131e-02 7.48554382324218750e+05 2.48859343490731390e+06
4.08884192642258032e-02 7.48701152801513672e+05 2.48277896426504105e+06
4.09474655257045794e-02 7.48847579956054688e+05 2.47696449362274120e+06
4.10065117871833557e-02 7.48993663787841913e+05 2.47115002298041480e+06
4.10655580486621319e-02 7.49139404296875233e+05 2.46533555233806092e+06
4.11246043101409081e-02 7.49284801483154530e+05 2.45952108169568237e+06
4.11836505716196843e-02 7.49429855346679920e+05 2.45370661105328007e+06
4.12426968330984606e-02 7.49574565887451405e+05 2.44789214041085541e+06
4.13017430945772368e-02 7.49718933105468983e+05 2.44207766976840748e+06
4.13607893560560130e-02 7.49862957000732655e+05 2.43626319912593625e+06
4.14198356175347893e-02 7.50006637573242420e+05 2.43044872848344175e+06
4.14788818790135655e-02 7.50149974822998280e+05 2.42463425784092443e+06
4.15379281404923417e-02 7.50292968750000116e+05 2.41881978719838383e+06
4.15969744019711318e-02 7.50435619354248163e+05 2.41300531655587256e+06
4.16560206634499081e-02 7.50577926635742188e+05 2.40719084591344185e+06
4.17150669249286843e-02 7.50719890594482422e+05 2.40137637527109170e+06
4.17741131864074605e-02 7.50861511230468634e+05 2.39556190462882258e+06
4.18331594478862367e-02 7.51002788543700939e+05 2.38974743398663448e+06
4.18922057093650130e-02 7.51143722534179455e+05 2.38393296334452741e+06
4.19512519708437892e-02 7.51284313201904064e+05 2.37811849270250089e+06
4.20102982323225654e-02 7.51424560546874767e+05 2.37230402206055541e+06
4.20693444938013417e-02 7.51564464569091564e+05 2.36648955141860992e+06
4.21283907552801179e-02 7.51704025268554455e+05 2.36067508077658340e+06
4.21874370167588941e-02 7.51843242645263439e+05 2.35486061013447633e+06
4.22464832782376704e-02 7.51982116699218517e+05 2.34904613949228823e+06
4.23055295397164466e-02 7.52120647430419805e+05 2.34323166885001911e+06
4.23645758011952367e-02 7.52258834838867188e+05 2.33741719820766896e+06
4.24236220626740129e-02 7.52396678924560547e+05 2.33160272756523825e+06
4.24826683241527892e-02 7.52534179687500000e+05 2.32578825692272699e+06
4.25417145856315654e-02 7.52671337127685547e+05 2.31997378628019430e+06
4.26007608471103416e-02 7.52808151245117304e+05 2.31415931563769979e+06
4.26598071085891178e-02 7.52944622039795038e+05 2.30834484499524394e+06
4.27188533700678941e-02 7.53080749511718750e+05 2.30253037435282674e+06
4.27778996315466703e-02 7.53216533660888672e+05 2.29671590371044818e+06
4.28369458930254465e-02 7.53351974487304688e+05 2.29090143306810781e+06
4.28959921545042228e-02 7.53487071990966797e+05 2.28508696242580609e+06
4.29550384159829990e-02 7.53621826171875000e+05 2.27927249178354302e+06
4.30140846774617752e-02 7.53756237030029297e+05 2.27345802114129672e+06
4.30731309389405653e-02 7.53890304565429688e+05 2.26764355049904715e+06
4.31321772004193416e-02 7.54024028778076172e+05 2.26182907985679340e+06
4.31912234618981178e-02 7.54157409667968750e+05 2.25601460921453591e+06
4.32502697233768940e-02 7.54290447235107422e+05 2.25020013857227471e+06
4.33093159848556702e-02 7.54423141479492188e+05 2.24438566793000977e+06
4.33683622463344465e-02 7.54555492401123047e+05 2.23857119728774065e+06
4.34274085078132227e-02 7.54687500000000000e+05 2.23275672664546780e+06
4.34864547692919989e-02 7.54819164276123047e+05 2.22694225600318518e+06
4.35455010307707752e-02 7.54950485229492188e+05 2.22112778536088765e+06
4.36045472922495514e-02 7.55081462860107422e+05 2.21531331471857429e+06
4.36635935537283276e-02 7.55212097167968750e+05 2.20949884407624556e+06
4.37226398152071039e-02 7.55342388153076172e+05 2.20368437343390146e+06
4.37816860766858801e-02 7.55472335815429688e+05 2.19786990279154200e+06
4.38407323381646702e-02 7.55601940155029297e+05 2.19205543214916717e+06
4.38997785996434464e-02 7.55731201171875000e+05 2.18624096150677651e+06
4.39588248611222226e-02 7.55860118865966797e+05 2.18042649086439237e+06
4.40178711226009989e-02 7.55988693237304688e+05 2.17461202022203477e+06
4.40769173840797751e-02 7.56116924285888672e+05 2.16879754957970418e+06
4.41359636455585513e-02 7.56244812011718750e+05 2.16298307893740013e+06
4.41950099070373276e-02 7.56372356414794805e+05 2.15716860829512356e+06
4.42540561685161038e-02 7.56499557495117071e+05 2.15135413765287399e+06
4.43131024299948800e-02 7.56626415252685430e+05 2.14553966701065097e+06
4.43721486914736563e-02 7.56752929687499884e+05 2.13972519636845542e+06
4.44311949529524325e-02 7.56879100799560430e+05 2.13391072572626127e+06
4.44902412144312087e-02 7.57004928588867071e+05 2.12809625508404430e+06
4.45492874759099988e-02 7.57130413055419805e+05 2.12228178444180405e+06
4.46083337373887751e-02 7.57255554199218750e+05 2.11646731379954098e+06
4.46673799988675513e-02 7.57380352020263672e+05 2.11065284315725463e+06
4.47264262603463275e-02 7.57504806518554688e+05 2.10483837251494499e+06
4.47854725218251037e-02 7.57628917694091797e+05 2.09902390187261254e+06
4.48445187833038800e-02 7.57752685546875000e+05 2.09320943123025703e+06
4.49035650447826562e-02 7.57876110076904297e+05 2.08739496058788593e+06
4.49626113062614324e-02 7.57999191284179688e+05 2.08158048994550714e+06
4.50216575677402087e-02 7.58121929168701172e+05 2.07576601930312067e+06
4.50807038292189849e-02 7.58244323730468750e+05 2.06995154866072652e+06
4.51397500906977611e-02 7.58366374969482422e+05 2.06413707801832468e+06
4.51987963521765373e-02 7.58488082885742188e+05 2.05832260737591516e+06
4.52578426136553136e-02 7.58609447479248163e+05 2.05250813673349796e+06
4.53168888751341037e-02 7.58730468750000000e+05 2.04669366609107307e+06
4.53759351366128799e-02 7.58851146697998047e+05 2.04087919544867123e+06
4.54349813980916561e-02 7.58971481323242071e+05 2.03506472480632318e+06
4.54940276595704324e-02 7.59091472625732305e+05 2.02925025416402915e+06
4.55530739210492086e-02 7.59211120605468517e+05 2.02343578352178913e+06
4.56121201825279848e-02 7.59330425262450939e+05 2.01762131287960289e+06
4.56711664440067611e-02 7.59449386596679455e+05 2.01180684223747044e+06
4.57302127054855373e-02 7.59568004608154064e+05 2.00599237159539224e+06
4.57892589669643135e-02 7.59686279296874767e+05 2.00017790095336759e+06
4.58483052284430898e-02 7.59804210662841680e+05 1.99436343031133153e+06
4.59073514899218660e-02 7.59921798706054571e+05 1.98854895966921863e+06
4.59663977514006422e-02 7.60039043426513555e+05 1.98273448902702844e+06
4.60254440128794323e-02 7.60155944824218750e+05 1.97692001838476141e+06
4.60844902743582086e-02 7.60272502899169922e+05 1.97110554774241732e+06
4.61435365358369848e-02 7.60388717651367188e+05 1.96529107709999615e+06
4.62025827973157610e-02 7.60504589080810663e+05 1.95947660645749816e+06
4.62616290587945372e-02 7.60620117187500233e+05 1.95366213581492286e+06
4.63206753202733135e-02 7.60735301971435663e+05 1.94784766517233639e+06
4.63797215817520897e-02 7.60850143432617304e+05 1.94203319452980347e+06
4.64387678432308659e-02 7.60964641571045038e+05 1.93621872388732457e+06
4.64978141047096422e-02 7.61078796386718750e+05 1.93040425324489968e+06
4.65568603661884184e-02 7.61192607879638672e+05 1.92458978260252858e+06
4.66159066276671946e-02 7.61306076049804688e+05 1.91877531196021149e+06
4.66749528891459708e-02 7.61419200897216797e+05 1.91296084131794819e+06
4.67339991506247471e-02 7.61531982421875000e+05 1.90714637067573890e+06
4.67930454121035372e-02 7.61644420623779180e+05 1.90133190003355476e+06
4.68520916735823134e-02 7.61756515502929455e+05 1.89551742939136643e+06
4.69111379350610896e-02 7.61868267059325939e+05 1.88970295874917461e+06
4.69701841965398659e-02 7.61979675292968634e+05 1.88388848810697859e+06
4.70292304580186421e-02 7.62090740203857189e+05 1.87807401746477908e+06
4.70882767194974183e-02 7.62201461791991955e+05 1.87225954682257539e+06
4.71473229809761946e-02 7.62311840057372930e+05 1.86644507618036796e+06
4.72063692424549708e-02 7.62421874999999884e+05 1.86063060553815681e+06
4.72654155039337470e-02 7.62531566619873047e+05 1.85481613489592448e+06
4.73244617654125233e-02 7.62640914916992188e+05 1.84900166425365349e+06
4.73835080268912995e-02 7.62749919891357422e+05 1.84318719361134409e+06
4.74425542883700757e-02 7.62858581542968750e+05 1.83737272296899604e+06
4.75016005498488658e-02 7.62966899871826172e+05 1.83155825232660957e+06
4.75606468113276420e-02 7.63074874877929688e+05 1.82574378168418468e+06
4.76196930728064183e-02 7.63182506561279413e+05 1.81992931104172114e+06
4.76787393342851945e-02 7.63289794921875116e+05 1.81411484039921919e+06
4.77377855957639707e-02 7.63396739959716797e+05 1.80830036975673074e+06
4.77968318572427470e-02 7.63503341674804688e+05 1.80248589911430771e+06
4.78558781187215232e-02 7.63609600067138672e+05 1.79667142847195012e+06
4.79149243802002994e-02 7.63715515136718750e+05 1.79085695782965794e+06
4.79739706416790757e-02 7.63821086883544805e+05 1.78504248718743143e+06
4.80330169031578519e-02 7.63926315307617071e+05 1.77922801654527034e+06
4.80920631646366281e-02 7.64031200408935430e+05 1.77341354590317444e+06
4.81511094261154043e-02 7.64135742187500000e+05 1.76759907526114420e+06
4.82101556875941806e-02 7.64239940643310547e+05 1.76178460461910255e+06
4.82692019490729707e-02 7.64343795776367188e+05 1.75597013397697196e+06
4.83282482105517469e-02 7.64447307586669922e+05 1.75015566333475313e+06
4.83872944720305231e-02 7.64550476074218750e+05 1.74434119269244559e+06
4.84463407335092994e-02 7.64653301239013788e+05 1.73852672205004958e+06
4.85053869949880756e-02 7.64755783081054804e+05 1.73271225140756485e+06
4.85644332564668518e-02 7.64857921600342030e+05 1.72689778076499165e+06
4.86234795179456281e-02 7.64959716796875233e+05 1.72108331012232997e+06
4.86825257794244043e-02 7.65061168670654413e+05 1.71526883947966807e+06
4.87415720409031805e-02 7.65162277221679804e+05 1.70945436883709487e+06
4.88006183023819567e-02 7.65263042449951172e+05 1.70363989819461037e+06
4.88596645638607330e-02 7.65363464355468750e+05 1.69782542755221413e+06
4.89187108253395092e-02 7.65463542938232422e+05 1.69201095690990658e+06
4.89777570868182993e-02 7.65563278198242071e+05 1.68619648626768775e+06
4.90368033482970755e-02 7.65662670135497930e+05 1.68038201562555740e+06
4.90958496097758518e-02 7.65761718749999884e+05 1.67456754498351552e+06
4.91548958712546280e-02 7.65860424041747814e+05 1.66875307434149482e+06
4.92139421327334042e-02 7.65958786010741955e+05 1.66293860369942803e+06
4.92729883942121805e-02 7.66056804656982189e+05 1.65712413305731514e+06
4.93320346556909567e-02 7.66154479980468517e+05 1.65130966241515568e+06
4.93910809171697329e-02 7.66251811981200939e+05 1.64549519177295035e+06
4.94501271786485092e-02 7.66348800659179571e+05 1.63968072113069869e+06
4.95091734401272854e-02 7.66445446014404180e+05 1.63386625048840069e+06
4.95682197016060616e-02 7.66541748046875000e+05 1.62805177984605660e+06
4.96272659630848378e-02 7.66637706756591797e+05 1.62223730920368945e+06
4.96863122245636141e-02 7.66733322143554688e+05 1.61642283856132231e+06
4.97453584860424042e-02 7.66828594207763672e+05 1.61060836791895516e+06
4.98044047475211804e-02 7.66923522949218750e+05 1.60479389727658778e+06
4.98634510089999566e-02 7.67018108367919922e+05 1.59897942663422064e+06
4.99224972704787329e-02 7.67112350463867188e+05 1.59316495599185349e+06
4.99815435319575091e-02 7.67206249237060547e+05 1.58735048534948635e+06
5.00405897934362853e-02 7.67299804687500000e+05 1.58153601470711920e+06
5.00996360549150616e-02 7.67393016815185547e+05 1.57572154406475765e+06
5.01586823163938378e-02 7.67485885620117188e+05 1.56990707342240773e+06
5.02177285778726140e-02 7.67578411102294922e+05 1.56409260278006946e+06
5.02767748393513902e-02 7.67670593261718750e+05 1.55827813213774282e+06
5.03358211008301665e-02 7.67762432098388672e+05 1.55246366149542760e+06
5.03948673623089427e-02 7.67853927612304688e+05 1.54664919085312379e+06
5.04539136237877328e-02 7.67945079803466797e+05 1.54083472021083185e+06
5.05129598852665090e-02 7.68035888671875000e+05 1.53502024956855108e+06
5.05720061467452853e-02 7.68126354217529297e+05 1.52920577892627264e+06
5.06310524082240615e-02 7.68216476440429688e+05 1.52339130828398629e+06
5.06900986697028377e-02 7.68306255340576172e+05 1.51757683764169225e+06
5.07491449311816140e-02 7.68395690917968750e+05 1.51176236699939054e+06
5.08081911926603902e-02 7.68484783172607422e+05 1.50594789635708113e+06
5.08672374541391664e-02 7.68573532104492188e+05 1.50013342571476381e+06
5.09262837156179426e-02 7.68661937713623047e+05 1.49431895507243904e+06
5.09853299770967189e-02 7.68750000000000000e+05 1.48850448443010659e+06
5.10443762385754951e-02 7.68837718963623047e+05 1.48269001378777786e+06
5.11034225000542713e-02 7.68925094604492188e+05 1.47687554314546450e+06
5.11624687615330476e-02 7.69012126922607422e+05 1.47106107250316674e+06
5.12215150230118377e-02 7.69098815917968750e+05 1.46524660186088411e+06
5.12805612844906139e-02 7.69185161590576055e+05 1.45943213121861708e+06
5.13396075459693901e-02 7.69271163940429571e+05 1.45361766057636542e+06
5.13986538074481664e-02 7.69356822967529180e+05 1.44780318993412913e+06
5.14577000689269426e-02 7.69442138671874884e+05 1.44198871929190820e+06
5.15167463304057188e-02 7.69527111053466680e+05 1.43617424864968751e+06
5.15757925918844951e-02 7.69611740112304571e+05 1.43035977800745121e+06
5.16348388533632713e-02 7.69696025848388555e+05 1.42454530736519955e+06
5.16938851148420475e-02 7.69779968261718750e+05 1.41873083672293229e+06
5.17529313763208237e-02 7.69863567352294922e+05 1.41291636608064990e+06
5.18119776377996000e-02 7.69946823120117188e+05 1.40710189543835213e+06
5.18710238992783762e-02 7.70029735565185547e+05 1.40128742479603877e+06
5.19300701607571663e-02 7.70112304687500000e+05 1.39547295415371004e+06
5.19891164222359425e-02 7.70194530487060547e+05 1.38965848351136781e+06
5.20481626837147188e-02 7.70276412963867188e+05 1.38384401286901417e+06
5.21072089451934950e-02 7.70357952117920038e+05 1.37802954222664889e+06
5.21662552066722712e-02 7.70439147949218750e+05 1.37221507158427197e+06
5.22253014681510475e-02 7.70520000457763788e+05 1.36640060094188363e+06
5.22843477296298237e-02 7.70600509643554804e+05 1.36058613029948366e+06
5.23433939911085999e-02 7.70680675506591913e+05 1.35477165965707228e+06
5.24024402525873761e-02 7.70760498046875116e+05 1.34895718901464925e+06
5.24614865140661524e-02 7.70839977264404413e+05 1.34314271837224159e+06
5.25205327755449286e-02 7.70919113159179688e+05 1.33732824772987631e+06
5.25795790370237048e-02 7.70997905731201172e+05 1.33151377708755340e+06
5.26386252985024811e-02 7.71076354980468750e+05 1.32569930644527287e+06
5.26976715599812712e-02 7.71154460906982422e+05 1.31988483580303472e+06
5.27567178214600474e-02 7.71232223510742188e+05 1.31407036516083893e+06
5.28157640829388236e-02 7.71309642791748047e+05 1.30825589451868529e+06
5.28748103444175999e-02 7.71386718750000000e+05 1.30244142387657426e+06
5.29338566058963761e-02 7.71463451385498047e+05 1.29662695323445159e+06
5.29929028673751523e-02 7.71539840698242188e+05 1.29081248259226349e+06
5.30519491288539286e-02 7.71615886688232422e+05 1.28499801195000974e+06
5.31109953903327048e-02 7.71691589355468750e+05 1.27918354130769079e+06
5.31700416518114810e-02 7.71766948699951288e+05 1.27336907066530618e+06
5.32290879132902572e-02 7.71841964721679804e+05 1.26755460002285615e+06
5.32881341747690335e-02 7.71916637420654413e+05 1.26174012938034069e+06
5.33471804362478097e-02 7.71990966796875233e+05 1.25592565873775980e+06
5.34062266977265998e-02 7.72064952850341797e+05 1.25011118809518288e+06
5.34652729592053760e-02 7.72138595581054688e+05 1.24429671745267883e+06
5.35243192206841523e-02 7.72211894989013672e+05 1.23848224681024812e+06
5.35833654821629285e-02 7.72284851074218750e+05 1.23266777616789052e+06
5.36424117436417047e-02 7.72357463836669805e+05 1.22685330552560627e+06
5.37014580051204810e-02 7.72429733276367071e+05 1.22103883488339488e+06
5.37605042665992572e-02 7.72501659393310430e+05 1.21522436424125684e+06
5.38195505280780334e-02 7.72573242187499767e+05 1.20940989359919191e+06
5.38785967895568096e-02 7.72644481658935314e+05 1.20359542295713862e+06
5.39376430510355859e-02 7.72715377807616955e+05 1.19778095231503528e+06
5.39966893125143621e-02 7.72785930633544689e+05 1.19196648167288164e+06
5.40557355739931383e-02 7.72856140136718517e+05 1.18615201103067817e+06
5.41147818354719146e-02 7.72926006317138439e+05 1.18033754038842465e+06
5.41738280969507047e-02 7.72995529174804571e+05 1.17452306974612083e+06
5.42328743584294809e-02 7.73064708709716680e+05 1.16870859910376719e+06
5.42919206199082571e-02 7.73133544921875000e+05 1.16289412846136349e+06
5.43509668813870334e-02 7.73202037811279297e+05 1.15707965781894815e+06
5.44100131428658096e-02 7.73270187377929688e+05 1.15126518717655982e+06
5.44690594043445858e-02 7.73337993621826172e+05 1.14545071653419826e+06
5.45281056658233620e-02 7.73405456542968750e+05 1.13963624589186395e+06
5.45871519273021383e-02 7.73472576141357305e+05 1.13382177524955641e+06
5.46461981887809145e-02 7.73539352416992071e+05 1.12800730460727587e+06
5.47052444502596907e-02 7.73605785369872930e+05 1.12219283396502212e+06
5.47642907117384670e-02 7.73671874999999884e+05 1.11637836332279560e+06
5.48233369732172432e-02 7.73737621307372930e+05 1.11056389268057281e+06
5.48823832346960333e-02 7.73803024291992071e+05 1.10474942203833070e+06
5.49414294961748095e-02 7.73868083953857305e+05 1.09893495139606949e+06
5.50004757576535858e-02 7.73932800292968750e+05 1.09312048075378872e+06
5.50595220191323620e-02 7.73997173309326172e+05 1.08730601011148910e+06
5.51185682806111382e-02 7.74061203002929688e+05 1.08149153946916992e+06
5.51776145420899145e-02 7.74124889373779297e+05 1.07567706882683164e+06
5.52366608035686907e-02 7.74188232421875000e+05 1.06986259818447405e+06
5.52957070650474669e-02 7.74251232147216797e+05 1.06404812754210108e+06
5.53547533265262431e-02 7.74313888549804688e+05 1.05823365689971647e+06
5.54137995880050194e-02 7.74376201629638672e+05 1.05241918625732046e+06
5.54728458494837956e-02 7.74438171386718750e+05 1.04660471561491292e+06
5.55318921109625718e-02 7.74499797821044922e+05 1.04079024497249373e+06
5.55909383724413481e-02 7.74561080932617188e+05 1.03497577433006291e+06
5.56499846339201382e-02 7.74622020721435547e+05 1.02916130368762068e+06
5.57090308953989144e-02 7.74682617187500000e+05 1.02334683304516680e+06
5.57680771568776906e-02 7.74742870330810547e+05 1.01753236240273993e+06
5.58271234183564669e-02 7.74802780151367188e+05 1.01171789176037849e+06
5.58861696798352431e-02 7.74862346649169689e+05 1.00590342111808260e+06
5.59452159413140193e-02 7.74921569824218517e+05 1.00008895047585201e+06
5.60042622027927955e-02 7.74980449676513439e+05 9.94274479833687074e+05
5.60633084642715718e-02 7.75038986206054455e+05 9.88460009191587451e+05
5.61223547257503480e-02 7.75097179412841448e+05 9.82645538549553370e+05
5.61814009872291242e-02 7.75155029296874767e+05 9.76831067907584715e+05
5.62404472487079005e-02 7.75212535858154064e+05 9.71016597265600692e+05
5.62994935101866767e-02 7.75269699096679571e+05 9.65202126623520395e+05
5.63585397716654668e-02 7.75326519012450939e+05 9.59387655981343822e+05
5.64175860331442430e-02 7.75382995605468634e+05 9.53573185339070857e+05
5.64766322946230193e-02 7.75439128875732422e+05 9.47758714696701732e+05
5.65356785561017955e-02 7.75494918823242188e+05 9.41944244054236449e+05
5.65947248175805717e-02 7.75550365447998047e+05 9.36129773411674774e+05
5.66537710790593479e-02 7.75605468750000000e+05 9.30315302769016824e+05
5.67128173405381242e-02 7.75660228729248047e+05 9.24500832126356894e+05
5.67718636020169004e-02 7.75714645385742188e+05 9.18686361483789515e+05
5.68309098634956766e-02 7.75768718719482422e+05 9.12871890841314453e+05
5.68899561249744529e-02 7.75822448730468750e+05 9.07057420198931941e+05
5.69490023864532291e-02 7.75875835418701055e+05 9.01242949556641746e+05
5.70080486479320053e-02 7.75928878784179571e+05 8.95428478914443986e+05
5.70670949094107816e-02 7.75981578826904180e+05 8.89614008272338659e+05
5.71261411708895717e-02 7.76033935546874767e+05 8.83799537630325649e+05
5.71851874323683479e-02 7.76085948944091564e+05 8.77985066988322418e+05
5.72442336938471241e-02 7.76137619018554455e+05 8.72170596346245962e+05
5.73032799553259004e-02 7.76188945770263439e+05 8.66356125704096281e+05
5.73623262168046766e-02 7.76239929199218634e+05 8.60541655061873491e+05
5.74213724782834528e-02 7.76290569305419922e+05 8.54727184419577592e+05
5.74804187397622290e-02 7.76340866088867188e+05 8.48912713777208468e+05
5.75394650012410053e-02 7.76390819549560547e+05 8.43098243134766119e+05
5.75985112627197815e-02 7.76440429687500000e+05 8.37283772492250660e+05
5.76575575241985577e-02 7.76489696502685663e+05 8.31469301849719835e+05
5.77166037856773340e-02 7.76538619995117188e+05 8.25654831207231269e+05
5.77756500471561102e-02 7.76587200164794922e+05 8.19840360564785195e+05
5.78346963086349003e-02 7.76635437011718750e+05 8.14025889922381379e+05
5.78937425701136765e-02 7.76683330535888672e+05 8.08211419280019938e+05
5.79527888315924528e-02 7.76730880737304688e+05 8.02396948637700872e+05
5.80118350930712290e-02 7.76778087615966797e+05 7.96582477995424182e+05
5.80708813545500052e-02 7.76824951171874884e+05 7.90768007353189867e+05
5.81299276160287814e-02 7.76871471405029180e+05 7.84953536710974760e+05
5.81889738775075577e-02 7.76917648315429455e+05 7.79139066068755812e+05
5.82480201389863339e-02 7.76963481903075939e+05 7.73324595426533022e+05
5.83070664004651101e-02 7.77008972167968634e+05 7.67510124784306390e+05
5.83661126619438864e-02 7.77054119110107189e+05 7.61695654142075917e+05
5.84251589234226626e-02 7.77098922729491955e+05 7.55881183499841602e+05
5.84842051849014388e-02 7.77143383026122930e+05 7.50066712857603328e+05
5.85432514463802289e-02 7.77187499999999884e+05 7.44252242215361330e+05
5.86022977078590052e-02 7.77231273651122930e+05 7.38437771573105827e+05
5.86613439693377814e-02 7.77274703979492071e+05 7.32623300930827158e+05
5.87203902308165576e-02 7.77317790985107305e+05 7.26808830288525438e+05
5.87794364922953338e-02 7.77360534667968750e+05 7.20994359646200552e+05
5.88384827537741101e-02 7.77402935028076172e+05 7.15179889003852615e+05
5.88975290152528863e-02 7.77444992065429688e+05 7.09365418361481628e+05
5.89565752767316625e-02 7.77486705780029297e+05 7.03550947719087475e+05
5.90156215382104388e-02 7.77528076171875000e+05 6.97736477076670155e+05
5.90746677996892150e-02 7.77569103240966797e+05 6.91922006434252951e+05
5.91337140611679912e-02 7.77609786987304688e+05 6.86107535791858798e+05
5.91927603226467675e-02 7.77650127410888672e+05 6.80293065149487695e+05
5.92518065841255437e-02 7.77690124511718750e+05 6.74478594507139758e+05
5.93108528456043338e-02 7.77729778289794805e+05 6.68664123864814988e+05
5.93698991070831100e-02 7.77769088745117071e+05 6.62849653222513269e+05
5.94289453685618863e-02 7.77808055877685430e+05 6.57035182580234599e+05
5.94879916300406625e-02 7.77846679687499884e+05 6.51220711937979097e+05
5.95470378915194387e-02 7.77884960174560430e+05 6.45406241295735119e+05
5.96060841529982149e-02 7.77922897338866955e+05 6.39591770653491141e+05
5.96651304144769912e-02 7.77960491180419689e+05 6.33777300011247164e+05
5.97241766759557674e-02 7.77997741699218634e+05 6.27962829369003186e+05
5.97832229374345436e-02 7.78034648895263439e+05 6.22148358726759208e+05
5.98422691989133199e-02 7.78071212768554455e+05 6.16333888084515231e+05
5.99013154603920961e-02 7.78107433319091680e+05 6.10519417442271253e+05
5.99603617218708723e-02 7.78143310546874884e+05 6.04704946800027275e+05
6.00194079833496624e-02 7.78178844451904180e+05 5.98890476157769794e+05
6.00784542448284387e-02 7.78214035034179571e+05 5.93076005515485420e+05
6.01375005063072149e-02 7.78248882293701055e+05 5.87261534873174038e+05
6.01965467677859911e-02 7.78283386230468750e+05 5.81447064230835764e+05
6.02555930292647673e-02 7.78317546844482422e+05 5.75632593588470481e+05
6.03146392907435436e-02 7.78351364135742188e+05 5.69818122946078191e+05
6.03736855522223198e-02 7.78384838104248047e+05 5.64003652303659008e+05
6.04327318137010960e-02 7.78417968750000000e+05 5.58189181661212933e+05
6.04917780751798723e-02 7.78450756072998047e+05 5.52374711018774542e+05
6.05508243366586485e-02 7.78483200073242071e+05 5.46560240376378410e+05
6.06098705981374247e-02 7.78515300750732422e+05 5.40745769734024652e+05
6.06689168596162010e-02 7.78547058105468634e+05 5.34931299091713387e+05
6.07279631210949772e-02 7.78578472137450939e+05 5.29116828449444380e+05
6.07870093825737673e-02 7.78609542846679455e+05 5.23302357807217690e+05
6.08460556440525435e-02 7.78640270233154180e+05 5.17487887165033375e+05
6.09051019055313198e-02 7.78670654296874884e+05 5.11673416522891494e+05
6.09641481670100960e-02 7.78700695037841680e+05 5.05858945880749554e+05
6.10231944284888722e-02 7.78730392456054571e+05 5.00044475238565239e+05
6.10822406899676484e-02 7.78759746551513439e+05 4.94230004596338607e+05
6.11412869514464247e-02 7.78788757324218634e+05 4.88415533954069600e+05
6.12003332129252009e-02 7.78817424774169922e+05 4.82601063311758277e+05
6.12593794744039771e-02 7.78845748901367188e+05 4.76786592669404519e+05
6.13184257358827534e-02 7.78873729705810547e+05 4.70972122027008445e+05
6.13774719973615296e-02 7.78901367187500000e+05 4.65157651384569996e+05
6.14365182588403058e-02 7.78928661346435547e+05 4.59343180742127704e+05
6.14955645203190959e-02 7.78955612182617188e+05 4.53528710099720105e+05
6.15546107817978722e-02 7.78982219696044922e+05 4.47714239457347139e+05
6.16136570432766484e-02 7.79008483886718750e+05 4.41899768815008807e+05
6.16727033047554246e-02 7.79034404754638555e+05 4.36085298172705167e+05
6.17317495662342008e-02 7.79059982299804571e+05 4.30270827530436160e+05
6.17907958277129771e-02 7.79085216522216680e+05 4.24456356888201786e+05
6.18498420891917533e-02 7.79110107421874884e+05 4.18641886246002105e+05
6.19088883506705295e-02 7.79134654998779180e+05 4.12827415603806265e+05
6.19679346121493058e-02 7.79158859252929571e+05 4.07012944961583475e+05
6.20269808736280820e-02 7.79182720184326055e+05 4.01198474319333734e+05
6.20860271351068582e-02 7.79206237792968750e+05 3.95384003677057044e+05
6.21450733965856345e-02 7.79229412078857422e+05 3.89569533034753345e+05
6.22041196580644107e-02 7.79252243041992188e+05 3.83755062392422755e+05
6.22631659195432008e-02 7.79274730682373047e+05 3.77940591750065156e+05
6.23222121810219770e-02 7.79296875000000000e+05 3.72126121107680665e+05
6.23812584425007532e-02 7.79318675994873047e+05 3.66311650465290353e+05
6.24403047039795295e-02 7.79340133666992188e+05 3.60497179822915467e+05
6.24993509654583057e-02 7.79361248016357422e+05 3.54682709180555947e+05
6.25583972269370819e-02 7.79382019042968750e+05 3.48868238538211852e+05
6.26174434884158582e-02 7.79402446746826172e+05 3.43053767895883182e+05
6.26764897498946344e-02 7.79422531127929688e+05 3.37239297253569879e+05
6.27355360113734106e-02 7.79442272186279297e+05 3.31424826611272001e+05
6.27945822728521869e-02 7.79461669921875000e+05 3.25610355968989548e+05
6.28536285343309631e-02 7.79480724334716797e+05 3.19795885326714779e+05
6.29126747958097393e-02 7.79499435424804688e+05 3.13981414684439951e+05
6.29717210572885294e-02 7.79517803192138672e+05 3.08166944042165182e+05
6.30307673187673057e-02 7.79535827636718750e+05 3.02352473399890412e+05
6.30898135802460819e-02 7.79553508758544922e+05 2.96538002757615643e+05
6.31488598417248581e-02 7.79570846557617188e+05 2.90723532115340873e+05
6.32079061032036343e-02 7.79587841033935547e+05 2.84909061473066104e+05
6.32669523646824106e-02 7.79604492187500000e+05 2.79094590830791276e+05
6.33259986261611868e-02 7.79620800018310547e+05 2.73280120188504981e+05
6.33850448876399630e-02 7.79636764526367188e+05 2.67465649546195520e+05
6.34440911491187393e-02 7.79652385711669922e+05 2.61651178903862979e+05
6.35031374105975155e-02 7.79667663574218750e+05 2.55836708261507360e+05
6.35621836720762917e-02 7.79682598114013672e+05 2.50022237619128602e+05
6.36212299335550679e-02 7.79697189331054688e+05 2.44207766976726736e+05
6.36802761950338442e-02 7.79711437225341797e+05 2.38393296334301791e+05
6.37393224565126343e-02 7.79725341796875000e+05 2.32578825691853708e+05
6.37983687179914105e-02 7.79738903045654180e+05 2.26764355049423000e+05
6.38574149794701867e-02 7.79752120971679571e+05 2.20949884407050005e+05
6.39164612409489630e-02 7.79764995574951055e+05 2.15135413764734811e+05
6.39755075024277392e-02 7.79777526855468517e+05 2.09320943122477358e+05
6.40345537639065154e-02 7.79789714813232189e+05 2.03506472480277676e+05
6.40936000253852917e-02 7.79801559448241955e+05 1.97692001838135737e+05
6.41526462868640679e-02 7.79813060760497814e+05 1.91877531196051568e+05
6.42116925483428441e-02 7.79824218749999767e+05 1.86063060554025171e+05
6.42707388098216204e-02 7.79835033416747930e+05 1.80248589911996824e+05
6.43297850713003966e-02 7.79845504760742071e+05 1.74434119269906892e+05
6.43888313327791728e-02 7.79855632781982305e+05 1.68619648627755349e+05
6.44478775942579629e-02 7.79865417480468750e+05 1.62805177985542163e+05
6.45069238557367391e-02 7.79874858856201172e+05 1.56990707343267393e+05
6.45659701172155154e-02 7.79883956909179688e+05 1.51176236700931011e+05
6.46250163786942916e-02 7.79892711639404413e+05 1.45361766058532987e+05
6.46840626401730678e-02 7.79901123046875233e+05 1.39547295416073379e+05
6.47431089016518441e-02 7.79909191131592146e+05 1.33732824773585540e+05
6.48021551631306203e-02 7.79916915893554920e+05 1.27918354131102809e+05
6.48612014246093965e-02 7.79924297332764021e+05 1.22103883488625230e+05
6.49202476860881728e-02 7.79931335449219099e+05 1.16289412846152773e+05
6.49792939475669490e-02 7.79938030242920271e+05 1.10474942203685481e+05
6.50383402090457252e-02 7.79944381713867537e+05 1.04660471561223269e+05
6.50973864705245014e-02 7.79950389862061013e+05 9.88460009187662508e+04
6.51564327320032777e-02 7.79956054687500349e+05 9.30315302763143118e+04
6.52154789934820678e-02 7.79961376190185663e+05 8.72170596338819742e+04
6.52745252549608440e-02 7.79966354370117420e+05 8.14025889914836443e+04
6.53335715164396202e-02 7.79970989227295038e+05 7.55881183491193224e+04
6.53926177779183965e-02 7.79975280761718866e+05 6.97736477067890373e+04
6.54516640393971727e-02 7.79979228973388672e+05 6.39591770644927528e+04
6.55107103008759489e-02 7.79982833862304688e+05 5.81447064222305053e+04
6.55697565623547252e-02 7.79986095428466680e+05 5.23302357800022510e+04
6.56288028238335014e-02 7.79989013671874884e+05 4.65157651378080191e+04
6.56878490853122776e-02 7.79991588592529180e+05 4.07012944956478023e+04
6.57468953467910538e-02 7.79993820190429455e+05 3.48868238535215933e+04
6.58059416082698301e-02 7.79995708465576055e+05 2.90723532114294103e+04
6.58649878697486063e-02 7.79997253417968517e+05 2.32578825693712351e+04
6.59240341312273964e-02 7.79998455047607189e+05 1.74434119273470787e+04
6.59830803927061726e-02 7.79999313354492071e+05 1.16289412853569356e+04
6.60421266541849489e-02 7.79999828338622930e+05 5.81447064340080760e+03
6.61011729156637251e-02 7.80000000000000000e+05 1.47869635068399670e-06
