# T_carbon( psi ) in JOULES -- geq tabulates eV and meq::Species
# documents joules, so the conversion is here and not in the TOML.
#
#    psi            f( psi )        f'( psi )
5.63780116139572449e-03 5.67238506157869893e-17 1.79006907571149148e-15
5.69684742287450158e-03 5.68300903749607611e-17 1.80848079989092855e-15
5.75589368435327955e-03 5.69374214732697639e-17 1.82703463823480262e-15
5.81493994583205664e-03 5.70458523020241317e-17 1.84573059074311448e-15
5.87398620731083374e-03 5.71553912525339370e-17 1.86456865741586373e-15
5.93303246878961084e-03 5.72660467161093138e-17 1.88354883825305078e-15
5.99207873026838880e-03 5.73778270840603838e-17 1.90267113325467444e-15
6.05112499174716590e-03 5.74907407476972441e-17 1.92193554242073628e-15
6.11017125322594300e-03 5.76047960983300165e-17 1.94134206575123473e-15
6.16921751470472096e-03 5.77200015272688102e-17 1.96089070324617137e-15
6.22826377618349806e-03 5.78363654258237470e-17 1.98058145490554541e-15
6.28731003766227516e-03 5.79538961853049118e-17 2.00041432072935605e-15
6.34635629914105225e-03 5.80726021970224631e-17 2.02038930071760488e-15
6.40540256061983022e-03 5.81924918522864733e-17 2.04050639487029032e-15
6.46444882209860731e-03 5.83135735424071013e-17 2.06076560318741473e-15
6.52349508357738441e-03 5.84358556586943947e-17 2.08116692566897536e-15
6.58254134505616151e-03 5.85593465924585246e-17 2.10171036231497378e-15
6.64158760653493947e-03 5.86840547590660862e-17 2.12239713537878385e-15
6.70063386801371657e-03 5.88099886701096552e-17 2.14322846711377784e-15
6.75968012949249367e-03 5.89371568612383796e-17 2.16420435751995813e-15
6.81872639097127163e-03 5.90655678681012838e-17 2.18532480659732234e-15
6.87777265245004873e-03 5.91952302263475528e-17 2.20658981434587206e-15
6.93681891392882582e-03 5.93261524716261989e-17 2.22799938076560650e-15
6.99586517540760379e-03 5.94583431395863821e-17 2.24955350585652604e-15
7.05491143688638089e-03 5.95918107658771765e-17 2.27125218961863109e-15
7.11395769836515798e-03 5.97265638946400147e-17 2.29309586352707016e-15
7.17300395984393508e-03 5.98626111039856662e-17 2.31508495905699177e-15
7.23205022132271218e-03 5.99999609805171727e-17 2.33721947620839709e-15
7.29109648280149014e-03 6.01386221108376626e-17 2.35949941498128535e-15
7.35014274428026724e-03 6.02786030815502270e-17 2.38192477537565614e-15
7.40918900575904434e-03 6.04199124792579203e-17 2.40449555739151026e-15
7.46823526723782230e-03 6.05625588905638458e-17 2.42721176102884771e-15
7.52728152871659940e-03 6.07065509020710948e-17 2.45007338628766808e-15
7.58632779019537649e-03 6.08518971029155691e-17 2.47308056185497589e-15
7.64537405167415446e-03 6.09986060923645110e-17 2.49623341641777485e-15
7.70442031315293156e-03 6.11466864722179856e-17 2.51953194997606456e-15
7.76346657463170865e-03 6.12961468442760333e-17 2.54297616252984582e-15
7.82251283611048662e-03 6.14469958103387441e-17 2.56656605407911823e-15
7.88155909758926285e-03 6.15992419722061461e-17 2.59030162462388217e-15
7.94060535906804081e-03 6.17528939316783166e-17 2.61418287416413687e-15
7.99965162054681878e-03 6.19079602905553087e-17 2.63820980269988272e-15
8.05869788202559501e-03 6.20644496436241769e-17 2.66238205391702385e-15
8.11774414350437297e-03 6.22223705576199590e-17 2.68669927150146321e-15
8.17679040498315093e-03 6.23817315922646945e-17 2.71116145545320118e-15
8.23583666646192716e-03 6.25425413072803860e-17 2.73576860577223737e-15
8.29488292794070513e-03 6.27048082623890732e-17 2.76052072245857219e-15
8.35392918941948309e-03 6.28685410173128078e-17 2.78541780551220601e-15
8.41297545089825932e-03 6.30337481317735924e-17 2.81045985493313767e-15
8.47202171237703729e-03 6.32004381654934668e-17 2.83564687072136795e-15
8.53106797385581525e-03 6.33686196615938910e-17 2.86097800944210944e-15
8.59011423533459148e-03 6.35383010967941188e-17 2.88645242766057634e-15
8.64916049681336944e-03 6.37094909312128494e-17 2.91207012537676784e-15
8.70820675829214567e-03 6.38821976249687448e-17 2.93783110259068513e-15
8.76725301977092364e-03 6.40564296381805163e-17 2.96373535930232625e-15
8.82629928124969987e-03 6.42321954309668385e-17 2.98978289551169276e-15
8.88534554272847783e-03 6.44095034634463980e-17 3.01597371121878389e-15
8.94439180420725580e-03 6.45883621957378939e-17 3.04230780642360001e-15
9.00343806568603203e-03 6.47687800608026258e-17 3.06878380132514023e-15
9.06248432716480999e-03 6.49507653829724803e-17 3.09540031612240482e-15
9.12153058864358796e-03 6.51343264594219691e-17 3.12215735081539337e-15
9.18057685012236419e-03 6.53194715873255670e-17 3.14905490540410511e-15
9.23962311160114215e-03 6.55062090638578472e-17 3.17609297988854200e-15
9.29866937307992011e-03 6.56945471861932354e-17 3.20327157426870207e-15
9.35771563455869634e-03 6.58844942515062925e-17 3.23059068854458572e-15
9.41676189603747431e-03 6.60760585569714932e-17 3.25805032271619374e-15
9.47580815751625227e-03 6.62692483613636959e-17 3.28564852578852754e-15
9.53485441899502850e-03 6.64640717698591451e-17 3.31338334676659050e-15
9.59390068047380647e-03 6.66605368492344316e-17 3.34125478565038144e-15
9.65294694195258443e-03 6.68586516662661467e-17 3.36926284243990115e-15
9.71199320343136066e-03 6.70584242877308318e-17 3.39740751713514885e-15
9.77103946491013862e-03 6.72598627804051028e-17 3.42568880973612571e-15
9.83008572638891659e-03 6.74629752110655629e-17 3.45410672024282976e-15
9.88913198786769282e-03 6.76677696464887662e-17 3.48266124865526337e-15
9.94817824934647078e-03 6.78742541030968206e-17 3.51134983658206151e-15
1.00072245108252487e-02 6.80824363958938898e-17 3.54016992563186152e-15
1.00662707723040250e-02 6.82923242895297036e-17 3.56912151580466379e-15
1.01253170337828012e-02 6.85039255486539302e-17 3.59820460710046673e-15
1.01843632952615809e-02 6.87172479379162626e-17 3.62741919951927234e-15
1.02434095567403571e-02 6.89322992219663936e-17 3.65676529306107901e-15
1.03024558182191334e-02 6.91490871654540284e-17 3.68624288772588755e-15
1.03615020796979113e-02 6.93676195330288476e-17 3.71585198351369717e-15
1.04205483411766893e-02 6.95879040263893083e-17 3.74558938202108403e-15
1.04795946026554655e-02 6.98099480954288132e-17 3.77545188484462113e-15
1.05386408641342435e-02 7.00337591270895295e-17 3.80543949198430926e-15
1.05976871256130215e-02 7.02593445083135995e-17 3.83555220344014685e-15
1.06567333870917977e-02 7.04867116260432271e-17 3.86579001921213468e-15
1.07157796485705756e-02 7.07158678672205548e-17 3.89615293930027355e-15
1.07748259100493536e-02 7.09468206187877373e-17 3.92664096370456266e-15
1.08338721715281298e-02 7.11795772676869662e-17 3.95725409242500281e-15
1.08929184330069078e-02 7.14141451247296612e-17 3.98798845744122535e-15
1.09519646944856858e-02 7.16505311962044256e-17 4.01884019073286480e-15
1.10110109559644620e-02 7.18887424122691396e-17 4.04980929229991959e-15
1.10700572174432400e-02 7.21287857030816963e-17 4.08089576214238971e-15
1.11291034789220179e-02 7.23706679987999637e-17 4.11209960026027674e-15
1.11881497404007942e-02 7.26143962295818223e-17 4.14342080665357832e-15
1.12471960018795721e-02 7.28599773255851280e-17 4.17485938132229681e-15
1.13062422633583501e-02 7.31074182169678105e-17 4.20641532426643142e-15
1.13652885248371263e-02 7.33567257440722632e-17 4.23808407217741514e-15
1.14243347863159043e-02 7.36079063879792264e-17 4.26986106174668254e-15
1.14833810477946822e-02 7.38609665399539038e-17 4.30174629297423203e-15
1.15424273092734585e-02 7.41159125912616105e-17 4.33373976586006520e-15
1.16014735707522347e-02 7.43727509331675747e-17 4.36584148040418126e-15
1.16605198322310144e-02 7.46314879569370373e-17 4.39805143660658178e-15
1.17195660937097906e-02 7.48921300538352886e-17 4.43036963446726439e-15
1.17786123551885669e-02 7.51546836151275692e-17 4.46279607398623069e-15
1.18376586166673466e-02 7.54191549281614992e-17 4.49532547535581221e-15
1.18967048781461228e-02 7.56855498646142032e-17 4.52795255876834129e-15
1.19557511396248990e-02 7.59538741922450617e-17 4.56067732422381794e-15
1.20147974011036770e-02 7.62241336788135659e-17 4.59349977172224057e-15
1.20738436625824549e-02 7.64963340920791704e-17 4.62641990126361235e-15
1.21328899240612312e-02 7.67704811998013049e-17 4.65943771284793012e-15
1.21919361855400091e-02 7.70465807697394485e-17 4.69255320647519702e-15
1.22509824470187871e-02 7.73246385696530187e-17 4.72576638214540913e-15
1.23100287084975633e-02 7.76046602489643098e-17 4.75907122742886094e-15
1.23690749699763413e-02 7.78866509837469519e-17 4.79246172989584459e-15
1.24281212314551193e-02 7.81706158317373777e-17 4.82593788954635929e-15
1.24871674929338955e-02 7.84565598506720819e-17 4.85949970638040505e-15
1.25462137544126735e-02 7.87444880982874974e-17 4.89314718039798107e-15
1.26052600158914514e-02 7.90344056323200819e-17 4.92688031159908973e-15
1.26643062773702277e-02 7.93263175105062927e-17 4.96069909998372865e-15
1.27233525388490056e-02 7.96202287905825877e-17 4.99460354555189862e-15
1.27823988003277836e-02 7.99161443973230296e-17 5.02858689280090636e-15
1.28414450618065598e-02 8.02140687236521028e-17 5.06264238622806013e-15
1.29004913232853378e-02 8.05140060295319219e-17 5.09677002583335915e-15
1.29595375847641157e-02 8.08159605749245640e-17 5.13096981161680342e-15
1.30185838462428920e-02 8.11199366197921684e-17 5.16524174357839295e-15
1.30776301077216682e-02 8.14259384240967877e-17 5.19958582171812851e-15
1.31366763692004479e-02 8.17339702478005487e-17 5.23400204603601012e-15
1.31957226306792241e-02 8.20440363508655411e-17 5.26849041653203618e-15
1.32547688921580004e-02 8.23561408455833579e-17 5.30304343041860712e-15
1.33138151536367801e-02 8.26702872535634823e-17 5.33765358490812336e-15
1.33728614151155563e-02 8.29864789487449252e-17 5.37232088000058330e-15
1.34319076765943325e-02 8.33047193050666362e-17 5.40704531569598775e-15
1.34909539380731105e-02 8.36250116964676139e-17 5.44182689199433669e-15
1.35500001995518884e-02 8.39473594968868448e-17 5.47666560889563093e-15
1.36090464610306647e-02 8.42717660802633028e-17 5.51156146639986888e-15
1.36680927225094426e-02 8.45982348205359869e-17 5.54651446450705133e-15
1.37271389839882206e-02 8.49267689293155375e-17 5.58151635570214684e-15
1.37861852454669968e-02 8.52573709688993969e-17 5.61655889247012239e-15
1.38452315069457748e-02 8.55900433392567232e-17 5.65164207481098034e-15
1.39042777684245528e-02 8.59247884403566005e-17 5.68676590272471990e-15
1.39633240299033290e-02 8.62616086721681745e-17 5.72193037621133951e-15
1.40223702913821070e-02 8.66005064346605786e-17 5.75713549527084073e-15
1.40814165528608849e-02 8.69414841278029216e-17 5.79238125990322199e-15
1.41404628143396612e-02 8.72845441515643369e-17 5.82766767010848565e-15
1.41995090758184391e-02 8.76296887291209723e-17 5.86298574345705613e-15
1.42585553372972171e-02 8.79769193764771438e-17 5.89832649751936336e-15
1.43176015987759933e-02 8.83262374328441943e-17 5.93368993229540498e-15
1.43766478602547713e-02 8.86776442374335281e-17 5.96907604778518177e-15
1.44356941217335475e-02 8.90311411294564387e-17 6.00448484398869453e-15
1.44947403832123255e-02 8.93867294481243182e-17 6.03991632090594168e-15
1.45537866446911034e-02 8.97444105326485217e-17 6.07537047853692479e-15
1.46128329061698797e-02 9.01041857222403797e-17 6.11084731688164308e-15
1.46718791676486576e-02 9.04660561651980827e-17 6.14633713609498245e-15
1.47309254291274356e-02 9.08300222461669542e-17 6.18183023633182959e-15
1.47899716906062118e-02 9.11960841588791776e-17 6.21732661759218452e-15
1.48490179520849898e-02 9.15642420970669735e-17 6.25282627987604644e-15
1.49080642135637677e-02 9.19344962544624392e-17 6.28832922318341614e-15
1.49671104750425440e-02 9.23068468247977828e-17 6.32383544751429441e-15
1.50261567365213219e-02 9.26812940018052125e-17 6.35934495286867888e-15
1.50852029980000982e-02 9.30578379792168503e-17 6.39485773924657271e-15
1.51442492594788761e-02 9.34364787462343120e-17 6.43036341493773916e-15
1.52032955209576541e-02 9.38172154739370784e-17 6.46585158823194464e-15
1.52623417824364303e-02 9.42000471288740502e-17 6.50132225912919152e-15
1.53213880439152083e-02 9.45849726775940667e-17 6.53677542762947744e-15
1.53804343053939863e-02 9.49719910866460408e-17 6.57221109373280239e-15
1.54394805668727625e-02 9.53611013225789103e-17 6.60762925743916717e-15
1.54985268283515405e-02 9.57523023519415020e-17 6.64302991874857256e-15
1.55575730898303184e-02 9.61455931412827414e-17 6.67841307766101699e-15
1.56166193513090946e-02 9.65409724396706758e-17 6.71376768449293111e-15
1.56756656127878743e-02 9.69384381262500252e-17 6.74908268956074876e-15
1.57347118742666506e-02 9.73379878626846807e-17 6.78435809286446676e-15
1.57937581357454268e-02 9.77396193106385211e-17 6.81959389440408750e-15
1.58528043972242030e-02 9.81433301317754378e-17 6.85479009417960861e-15
1.59118506587029793e-02 9.85491179877592725e-17 6.88994669219103244e-15
1.59708969201817590e-02 9.89569805402539657e-17 6.92506368843835743e-15
1.60299431816605387e-02 9.93669154509233471e-17 6.96014108292158515e-15
1.60889894431393149e-02 9.97789201518354490e-17 6.99516721042208332e-15
1.61480357046180911e-02 1.00192991156674968e-16 7.03013040572122125e-15
1.62070819660968674e-02 1.00609124749530629e-16 7.06503066881900050e-15
1.62661282275756436e-02 1.01027317214491235e-16 7.09986799971541872e-15
1.63251744890544233e-02 1.01447564835645548e-16 7.13464239841047749e-15
1.63842207505332030e-02 1.01869863897082393e-16 7.16935386490417680e-15
1.64432670120119792e-02 1.02294210682890521e-16 7.20400239919651586e-15
1.65023132734907554e-02 1.02720601477158721e-16 7.23858800128749625e-15
1.65613595349695317e-02 1.03149032323270578e-16 7.27309844151967987e-15
1.66204057964483079e-02 1.03579498301788995e-16 7.30752149023563018e-15
1.66794520579270876e-02 1.04011994252571634e-16 7.34185714743534720e-15
1.67384983194058638e-02 1.04446515015476157e-16 7.37610541311883249e-15
1.67975445808846435e-02 1.04883055430360264e-16 7.41026628728608606e-15
1.68565908423634198e-02 1.05321610337081630e-16 7.44433976993710474e-15
1.69156371038421960e-02 1.05762174575497967e-16 7.47832586107189328e-15
1.69746833653209722e-02 1.06204742985466901e-16 7.51222456069044852e-15
1.70337296267997519e-02 1.06649310156207925e-16 7.54602313446076676e-15
1.70927758882785281e-02 1.07095869674387551e-16 7.57970884805084113e-15
1.71518221497573078e-02 1.07544414876034058e-16 7.61328170146067479e-15
1.72108684112360841e-02 1.07994939097175704e-16 7.64674169469026459e-15
1.72699146727148603e-02 1.08447435673840842e-16 7.68008882773961368e-15
1.73289609341936365e-02 1.08901897942057716e-16 7.71332310060872048e-15
1.73880071956724128e-02 1.09358319237854619e-16 7.74644451329758658e-15
1.74470534571511925e-02 1.09816692897259832e-16 7.77945306580620881e-15
1.75060997186299722e-02 1.10277011997075335e-16 7.81233558746174484e-15
1.75651459801087484e-02 1.10739268577197711e-16 7.84507890759135075e-15
1.76241922415875246e-02 1.11203454418297303e-16 7.87768302619502812e-15
1.76832385030663009e-02 1.11669561301044407e-16 7.91014794327277538e-15
1.77422847645450771e-02 1.12137581006109354e-16 7.94247365882459093e-15
1.78013310260238568e-02 1.12607505314162352e-16 7.97466017285047637e-15
1.78603772875026365e-02 1.13079326005873808e-16 8.00670748535043327e-15
1.79194235489814127e-02 1.13553034861913978e-16 8.03861559632446005e-15
1.79784698104601889e-02 1.14028623396648150e-16 8.07037097544971151e-15
1.80375160719389652e-02 1.14506082059221702e-16 8.10196009240334876e-15
1.80965623334177414e-02 1.14985401032474944e-16 8.13338294718537023e-15
1.81556085948965211e-02 1.15466570499248232e-16 8.16463953979577275e-15
1.82146548563752973e-02 1.15949580642381877e-16 8.19572987023456264e-15
1.82737011178540770e-02 1.16434421644716260e-16 8.22665393850173360e-15
1.83327473793328533e-02 1.16921083689091716e-16 8.25741174459729034e-15
1.83917936408116295e-02 1.17409556958348553e-16 8.28800328852122972e-15
1.84508399022904057e-02 1.17899831363610893e-16 8.31841476501801614e-15
1.85098861637691854e-02 1.18391895729137840e-16 8.34863236883210297e-15
1.85689324252479616e-02 1.18885738607472332e-16 8.37865609996349336e-15
1.86279786867267413e-02 1.19381348551157189e-16 8.40848595841218730e-15
1.86870249482055176e-02 1.19878714112735375e-16 8.43812194417818481e-15
1.87460712096842938e-02 1.20377823844749682e-16 8.46756405726148587e-15
1.88051174711630700e-02 1.20878666299743052e-16 8.49681229766208892e-15
1.88641637326418497e-02 1.21381230030258326e-16 8.52586666537999710e-15
1.89232099941206260e-02 1.21885503313527467e-16 8.55471317251944418e-15
1.89822562555994057e-02 1.22391473325538386e-16 8.58333783118466551e-15
1.90413025170781819e-02 1.22899126966968086e-16 8.61174064137565950e-15
1.91003487785569581e-02 1.23408451138493525e-16 8.63992160309243246e-15
1.91593950400357343e-02 1.23919432740791734e-16 8.66788071633497493e-15
1.92184413015145106e-02 1.24432058674539643e-16 8.69561798110329638e-15
1.92774875629932903e-02 1.24946315840414284e-16 8.72313339739739048e-15
1.93365338244720700e-02 1.25462191139092587e-16 8.75042696521725883e-15
1.93955800859508462e-02 1.25979671194300221e-16 8.77748461332156348e-15
1.94546263474296224e-02 1.26498741521957075e-16 8.80429227046896333e-15
1.95136726089083987e-02 1.27019387361031801e-16 8.83084993665945680e-15
1.95727188703871749e-02 1.27541593950492950e-16 8.85715761189304862e-15
1.96317651318659546e-02 1.28065346529309124e-16 8.88321529616973564e-15
1.96908113933447308e-02 1.28590630336448974e-16 8.90902298948951471e-15
1.97498576548235105e-02 1.29117430610881002e-16 8.93458069185239213e-15
1.98089039163022868e-02 1.29645732591573859e-16 8.95988840325836475e-15
1.98679501777810630e-02 1.30175521240982797e-16 8.98493207472399124e-15
1.99269964392598392e-02 1.30706780415509847e-16 9.00969765726582553e-15
1.99860427007386189e-02 1.31239493695043666e-16 9.03418515088387236e-15
2.00450889622173951e-02 1.31773644659472935e-16 9.05839455557812857e-15
2.01041352236961748e-02 1.32309216888686433e-16 9.08232587134859416e-15
2.01631814851749511e-02 1.32846193962572745e-16 9.10597909819526914e-15
2.02222277466537273e-02 1.33384559461020650e-16 9.12935423611815665e-15
2.02812740081325035e-02 1.33924296963918730e-16 9.15245128511725196e-15
2.03403202696112832e-02 1.34465389777267279e-16 9.17525632956810713e-15
2.03993665310900595e-02 1.35007820111512216e-16 9.19775545384627103e-15
2.04584127925688392e-02 1.35551569903211073e-16 9.21994865795174209e-15
2.05174590540476154e-02 1.36096621088921357e-16 9.24183594188452190e-15
2.05765053155263916e-02 1.36642955605200526e-16 9.26341730564460729e-15
2.06355515770051678e-02 1.37190555388606086e-16 9.28469274923200299e-15
2.06945978384839441e-02 1.37739402375695568e-16 9.30566227264670586e-15
2.07536440999627238e-02 1.38289478503026381e-16 9.32632587588871746e-15
2.08126903614415035e-02 1.38840765438169032e-16 9.34666989236781265e-15
2.08717366229202797e-02 1.39393243772745957e-16 9.36668065549376783e-15
2.09307828843990559e-02 1.39946893829392493e-16 9.38635816526658457e-15
2.09898291458778322e-02 1.40501695930743979e-16 9.40570242168626289e-15
2.10488754073566084e-02 1.41057630399435850e-16 9.42471342475280120e-15
2.11079216688353881e-02 1.41614677558103420e-16 9.44339117446620266e-15
2.11669679303141643e-02 1.42172817729382150e-16 9.46173567082646411e-15
2.12260141917929440e-02 1.42732031235907279e-16 9.47974691383358556e-15
2.12850604532717202e-02 1.43292298138575298e-16 9.49741160515147741e-15
2.13441067147504965e-02 1.43853597451326423e-16 9.51471644644404378e-15
2.14031529762292762e-02 1.44415907926362024e-16 9.53166143771128623e-15
2.14621992377080524e-02 1.44979208315883420e-16 9.54824657895320635e-15
2.15212454991868286e-02 1.45543477372091908e-16 9.56447187016980098e-15
2.15802917606656049e-02 1.46108693847188783e-16 9.58033731136107327e-15
2.16393380221443846e-02 1.46674836493375365e-16 9.59584290252701850e-15
2.16983842836231608e-02 1.47241884062852974e-16 9.61098864366764139e-15
2.17574305451019370e-02 1.47809815055726035e-16 9.62576172633989852e-15
2.18164768065807167e-02 1.48378606963711389e-16 9.64014934210074486e-15
2.18755230680594930e-02 1.48948237026428957e-16 9.65415149095017885e-15
2.19345693295382692e-02 1.49518682483498783e-16 9.66776817288820205e-15
2.19936155910170489e-02 1.50089920574540738e-16 9.68099938791481604e-15
2.20526618524958251e-02 1.50661928539174842e-16 9.69384513603001768e-15
2.21117081139746013e-02 1.51234683617020967e-16 9.70630541723380853e-15
2.21707543754533810e-02 1.51808163047699181e-16 9.71838023152619018e-15
2.22298006369321573e-02 1.52382343830792491e-16 9.73005738320343068e-15
2.22888468984109335e-02 1.52957202005736301e-16 9.74132467656180599e-15
2.23478931598897132e-02 1.53532713371929198e-16 9.75218211160130979e-15
2.24069394213684894e-02 1.54108853728769695e-16 9.76262968832194839e-15
2.24659856828472657e-02 1.54685598875656331e-16 9.77266740672371864e-15
2.25250319443260454e-02 1.55262924611987595e-16 9.78229526680662211e-15
2.25840782058048216e-02 1.55840806737162124e-16 9.79151326857065566e-15
2.26431244672835978e-02 1.56419221050578333e-16 9.80032141201582085e-15
2.27021707287623775e-02 1.56998143126074282e-16 9.80870823694729004e-15
2.27612169902411537e-02 1.57577547635245727e-16 9.81666228317023243e-15
2.28202632517199300e-02 1.58157409024127871e-16 9.82418355068464486e-15
2.28793095131987097e-02 1.58737701738755918e-16 9.83127203949052891e-15
2.29383557746774859e-02 1.59318400225165121e-16 9.83792774958788458e-15
2.29974020361562621e-02 1.59899478929390633e-16 9.84415068097671502e-15
2.30564482976350384e-02 1.60480912297467708e-16 9.84994083365701550e-15
2.31154945591138181e-02 1.61062674775431574e-16 9.85529820762878919e-15
2.31745408205925943e-02 1.61644740600621619e-16 9.86021219955650214e-15
2.32335870820713705e-02 1.62227083175594218e-16 9.86467220610461571e-15
2.32926333435501502e-02 1.62809675694209983e-16 9.86867822727313621e-15
2.33516796050289265e-02 1.63392491350329399e-16 9.87223026306205890e-15
2.34107258665077027e-02 1.63975503337813102e-16 9.87532831347138693e-15
2.34697721279864824e-02 1.64558684850521627e-16 9.87797237850111717e-15
2.35288183894652586e-02 1.65142009082315511e-16 9.88016245815125432e-15
2.35878646509440348e-02 1.65725449227055388e-16 9.88189855242179210e-15
2.36469109124228145e-02 1.66308978289104043e-16 9.88317103338349210e-15
2.37059571739015908e-02 1.66892568514833383e-16 9.88397027310710962e-15
2.37650034353803670e-02 1.67476191961117438e-16 9.88429627159264310e-15
2.38240496968591467e-02 1.68059820684830412e-16 9.88414902884009409e-15
2.38830959583379229e-02 1.68643426742846337e-16 9.88352854484945946e-15
2.39421422198166992e-02 1.69226982192039393e-16 9.88243481962074393e-15
2.40011884812954789e-02 1.69810459089283660e-16 9.88086785315394277e-15
2.40602347427742551e-02 1.70393829491453244e-16 9.87882764544906071e-15
2.41192810042530313e-02 1.70977065287372912e-16 9.87630565831800235e-15
2.41783272657318110e-02 1.71560137693669983e-16 9.87329335357267702e-15
2.42373735272105872e-02 1.72143017758922314e-16 9.86979073121308472e-15
2.42964197886893635e-02 1.72725676531707986e-16 9.86579779123922544e-15
2.43554660501681432e-02 1.73308085060604830e-16 9.86131453365109762e-15
2.44145123116469194e-02 1.73890214394190829e-16 9.85634095844870440e-15
2.44735585731256956e-02 1.74472035581043912e-16 9.85087706563204421e-15
2.45326048346044719e-02 1.75053519669742013e-16 9.84492285520111705e-15
2.45916510960832516e-02 1.75634637564401677e-16 9.83847098741724388e-15
2.46506973575620278e-02 1.76215359591294053e-16 9.83151412254174882e-15
2.47097436190408040e-02 1.76795655932228710e-16 9.82405226057463187e-15
2.47687898805195837e-02 1.77375496769015386e-16 9.81608540151589145e-15
2.48278361419983599e-02 1.77954852283463772e-16 9.80761354536553072e-15
2.48868824034771362e-02 1.78533692657383509e-16 9.79863669212354809e-15
2.49459286649559159e-02 1.79111988072584312e-16 9.78915484178994200e-15
2.50049749264346921e-02 1.79689708710875921e-16 9.77916799436471402e-15
2.50640211879134683e-02 1.80266824635195759e-16 9.76867011023973188e-15
2.51230674493922480e-02 1.80843305432993196e-16 9.75765514980686650e-15
2.51821137108710243e-02 1.81419120572845283e-16 9.74612311306611629e-15
2.52411599723498005e-02 1.81994239523329147e-16 9.73407400001748283e-15
2.53002062338285802e-02 1.82568631753021940e-16 9.72150781066096454e-15
2.53592524953073564e-02 1.83142266730500690e-16 9.70842454499656142e-15
2.54182987567861327e-02 1.83715113924342646e-16 9.69482420302427504e-15
2.54773450182649124e-02 1.84287142803124861e-16 9.68070678474410384e-15
2.55363912797436886e-02 1.84858322743977734e-16 9.66606764396573406e-15
2.55954375412224648e-02 1.85428622758244749e-16 9.65090213449884880e-15
2.56544838027012445e-02 1.85998011765822714e-16 9.63521025634344805e-15
2.57135300641800207e-02 1.86566458686608433e-16 9.61899200949953182e-15
2.57725763256587970e-02 1.87133932440498714e-16 9.60224739396710326e-15
2.58316225871375767e-02 1.87700401947390240e-16 9.58497640974615605e-15
2.58906688486163529e-02 1.88265836127179865e-16 9.56717905683669652e-15
2.59497151100951291e-02 1.88830203899764347e-16 9.54885533523872151e-15
2.60087613715739088e-02 1.89393474122664200e-16 9.53000207576085187e-15
2.60678076330526851e-02 1.89955615403894673e-16 9.51061610921171005e-15
2.61268538945314613e-02 1.90516596289094747e-16 9.49069743559129448e-15
2.61859001560102375e-02 1.91076385323903429e-16 9.47024605489960831e-15
2.62449464174890172e-02 1.91634951053959674e-16 9.44926196713664680e-15
2.63039926789677934e-02 1.92192262024902465e-16 9.42774517230241627e-15
2.63630389404465697e-02 1.92748286782370783e-16 9.40569567039691198e-15
2.64220852019253494e-02 1.93302993872003560e-16 9.38311346142013551e-15
2.64811314634041256e-02 1.93856351807563634e-16 9.35999692581664341e-15
2.65401777248829018e-02 1.94408328975308750e-16 9.33634444403099537e-15
2.65992239863616815e-02 1.94958893729620537e-16 9.31215601606319139e-15
2.66582702478404578e-02 1.95508014424880571e-16 9.28743164191322990e-15
2.67173165093192340e-02 1.96055659415470406e-16 9.26217132158111563e-15
2.67763627707980137e-02 1.96601797055771669e-16 9.23637505506684227e-15
2.68354090322767899e-02 1.97146395700166012e-16 9.21004284237041298e-15
2.68944552937555661e-02 1.97689423703034938e-16 9.18317468349182775e-15
2.69535015552343458e-02 1.98230849418575580e-16 9.15577056906103303e-15
2.70125478167131221e-02 1.98770641200247535e-16 9.12783048970797372e-15
2.70715940781918983e-02 1.99308767401325781e-16 9.09935444543264980e-15
2.71306403396706780e-02 1.99845196375085419e-16 9.07034243623506444e-15
2.71896866011494542e-02 2.00379896474801453e-16 9.04079446211521289e-15
2.72487328626282305e-02 2.00912836053749010e-16 9.01071052307309990e-15
2.73077791241070102e-02 2.01443983465203018e-16 8.98009061910871915e-15
2.73668253855857864e-02 2.01973307062438678e-16 8.94893475022207853e-15
2.74258716470645626e-02 2.02500775231171937e-16 8.91724456466016157e-15
2.74849179085433423e-02 2.03026356486882513e-16 8.88502171066995339e-15
2.75439641700221186e-02 2.03550019377491145e-16 8.85226618825146029e-15
2.76030104315008948e-02 2.04071732450918543e-16 8.81897799740467597e-15
2.76620566929796710e-02 2.04591464255085397e-16 8.78515713812960673e-15
2.77211029544584507e-02 2.05109183337912393e-16 8.75080361042624626e-15
2.77801492159372269e-02 2.05624858247320244e-16 8.71591741429460088e-15
2.78391954774160032e-02 2.06138457531229711e-16 8.68049854973466585e-15
2.78982417388947829e-02 2.06649949803285355e-16 8.64455035602524501e-15
2.79572880003735591e-02 2.07159303940027841e-16 8.60807617244513901e-15
2.80163342618523353e-02 2.07666488883721756e-16 8.57107599899434785e-15
2.80753805233311150e-02 2.08171473576631540e-16 8.53354983567287471e-15
2.81344267848098913e-02 2.08674226961021880e-16 8.49549768248071326e-15
2.81934730462886675e-02 2.09174717979157312e-16 8.45691953941787139e-15
2.82525193077674472e-02 2.09672915573302327e-16 8.41781540648434279e-15
2.83115655692462234e-02 2.10168788685721560e-16 8.37818528368012904e-15
2.83706118307249996e-02 2.10662306358053517e-16 8.33803421996231883e-15
2.84296580922037793e-02 2.11153438029432841e-16 8.29736726428799926e-15
2.84887043536825556e-02 2.11642153238368241e-16 8.25618441665716876e-15
2.85477506151613318e-02 2.12128421523368304e-16 8.21448567706982890e-15
2.86067968766401115e-02 2.12612212422941689e-16 8.17227104552597969e-15
2.86658431381188877e-02 2.13093495475596982e-16 8.12954052202561955e-15
2.87248893995976640e-02 2.13572240219842891e-16 8.08629410656875004e-15
2.87839356610764437e-02 2.14048416194188053e-16 8.04253179915537119e-15
2.88429819225552199e-02 2.14521993070229850e-16 7.99826036170946618e-15
2.89020281840339961e-02 2.14992941051920805e-16 7.95348655615502452e-15
2.89610744455127758e-02 2.15461230476302263e-16 7.90821038249204148e-15
2.90201207069915521e-02 2.15926831680415545e-16 7.86243184072052337e-15
2.90791669684703283e-02 2.16389715001301871e-16 7.81615093084046547e-15
2.91382132299491045e-02 2.16849850776002661e-16 7.76936765285186933e-15
2.91972594914278842e-02 2.17307209341559086e-16 7.72208200675473498e-15
2.92563057529066604e-02 2.17761761035012517e-16 7.67429399254906082e-15
2.93153520143854367e-02 2.18213476359962098e-16 7.62601207264166153e-15
2.93743982758642164e-02 2.18662326486238339e-16 7.57724470943935180e-15
2.94334445373429926e-02 2.19108282750229379e-16 7.52799190294212846e-15
2.94924907988217688e-02 2.19551316488323555e-16 7.47825365314999626e-15
2.95515370603005485e-02 2.19991399036909126e-16 7.42802996006294887e-15
2.96105833217793248e-02 2.20428501732374429e-16 7.37732082368099103e-15
2.96696295832581010e-02 2.20862595911107726e-16 7.32612624400412274e-15
2.97286758447368807e-02 2.21293652909497253e-16 7.27444622103234085e-15
2.97877221062156569e-02 2.21721644263397414e-16 7.22229088916815791e-15
2.98467683676944331e-02 2.22146542306527576e-16 7.16967038281407860e-15
2.99058146291732128e-02 2.22568319572073125e-16 7.11658470197010922e-15
2.99648608906519891e-02 2.22986948593219523e-16 7.06303384663624347e-15
3.00239071521307653e-02 2.23402401903152131e-16 7.00901781681248528e-15
3.00829534136095450e-02 2.23814652035056508e-16 6.95453661249883309e-15
3.01419996750883212e-02 2.24223671522117966e-16 6.89959023369528847e-15
3.02010459365670975e-02 2.24629432897522065e-16 6.84417868040184906e-15
3.02600921980458772e-02 2.25031908925952251e-16 6.78831371448819984e-15
3.03191384595246534e-02 2.25431073298084712e-16 6.73200709782402189e-15
3.03781847210034296e-02 2.25826899936093865e-16 6.67525883040931679e-15
3.04372309824822093e-02 2.26219362762153884e-16 6.61806891224408373e-15
3.04962772439609855e-02 2.26608435698439187e-16 6.56043734332832195e-15
3.05553235054397618e-02 2.26994092667123949e-16 6.50236412366203300e-15
3.06143697669185380e-02 2.27376307590382538e-16 6.44384925324521453e-15
3.06734160283973177e-02 2.27755054390389276e-16 6.38489273207787047e-15
3.07324622898760939e-02 2.28130307251659502e-16 6.32550788908548390e-15
3.07915085513548702e-02 2.28502041408072828e-16 6.26570805319354182e-15
3.08505548128336499e-02 2.28870232355850182e-16 6.20549322440204422e-15
3.09096010743124261e-02 2.29234855591212094e-16 6.14486340271099190e-15
3.09686473357912023e-02 2.29595886610379395e-16 6.08381858812038248e-15
3.10276935972699820e-02 2.29953300909572861e-16 6.02235878063021913e-15
3.10867398587487583e-02 2.30307073985013175e-16 5.96048398024049869e-15
3.11457861202275345e-02 2.30657181332921163e-16 5.89819418695122431e-15
3.12048323817063142e-02 2.31003598741206814e-16 5.83550422080623743e-15
3.12638786431850904e-02 2.31346303164537933e-16 5.77242890184938185e-15
3.13229249046638666e-02 2.31685271849271683e-16 5.70896823008065677e-15
3.13819711661426498e-02 2.32020482041765080e-16 5.64512220550006298e-15
3.14410174276214260e-02 2.32351910988375286e-16 5.58089082810760049e-15
3.15000636891002023e-02 2.32679535935459366e-16 5.51627409790326930e-15
3.15591099505789785e-02 2.33003334129374432e-16 5.45127201488706861e-15
3.16181562120577547e-02 2.33323282816477647e-16 5.38588457905899921e-15
3.16772024735365310e-02 2.33639359562374535e-16 5.32012801067195438e-15
3.17362487350153072e-02 2.33951543209664303e-16 5.25401852997882736e-15
3.17952949964940834e-02 2.34259812920194668e-16 5.18755613697961739e-15
3.18543412579728596e-02 2.34564147855813396e-16 5.12074083167432444e-15
3.19133875194516428e-02 2.34864527178368104e-16 5.05357261406294932e-15
3.19724337809304190e-02 2.35160930049706559e-16 4.98605148414549203e-15
3.20314800424091953e-02 2.35453335631676377e-16 4.91817744192195176e-15
3.20905263038879784e-02 2.35741723086125276e-16 4.84995048739232932e-15
3.21495725653667547e-02 2.36026071919639152e-16 4.78138813588429939e-15
3.22086188268455309e-02 2.36306363017756827e-16 4.71250790272553899e-15
3.22676650883243071e-02 2.36582577610755105e-16 4.64330978791604815e-15
3.23267113498030834e-02 2.36854696928910986e-16 4.57379379145582606e-15
3.23857576112818596e-02 2.37122702202501326e-16 4.50395991334487273e-15
3.24448038727606358e-02 2.37386574661803175e-16 4.43380815358318895e-15
3.25038501342394121e-02 2.37646295537093435e-16 4.36333851217077392e-15
3.25628963957181883e-02 2.37901846058648912e-16 4.29255098910762765e-15
3.26219426571969645e-02 2.38153207824643822e-16 4.22146427636951912e-15
3.26809889186757477e-02 2.38400363904840401e-16 4.15009706593221573e-15
3.27400351801545239e-02 2.38643297736898348e-16 4.07844935779571748e-15
3.27990814416333001e-02 2.38881992758476966e-16 4.00652115196002516e-15
3.28581277031120833e-02 2.39116432407235953e-16 3.93431244842513641e-15
3.29171739645908595e-02 2.39346600120834662e-16 3.86182324719105437e-15
3.29762202260696358e-02 2.39572479336932692e-16 3.78905354825777748e-15
3.30352664875484120e-02 2.39794053493189544e-16 3.71600335162530494e-15
3.30943127490271882e-02 2.40011306415749971e-16 3.64269239530606896e-15
3.31533590105059645e-02 2.40224223484699930e-16 3.56914041731249701e-15
3.32124052719847407e-02 2.40432790468610578e-16 3.49534741764458988e-15
3.32714515334635169e-02 2.40636993136053174e-16 3.42131339630234797e-15
3.33304977949422931e-02 2.40836817255598828e-16 3.34703835328577128e-15
3.33895440564210763e-02 2.41032248595818796e-16 3.27252228859485942e-15
3.34485903178998525e-02 2.41223272925284189e-16 3.19776520222961277e-15
3.35076365793786288e-02 2.41409876012566362e-16 3.12276709419003055e-15
3.35666828408574119e-02 2.41592044032524246e-16 3.04754860699886886e-15
3.36257291023361882e-02 2.41769764785168844e-16 2.97213038317888223e-15
3.36847753638149644e-02 2.41943026476798931e-16 2.89651242273007065e-15
3.37438216252937406e-02 2.42111817313713230e-16 2.82069472565243454e-15
3.38028678867725169e-02 2.42276125502210568e-16 2.74467729194597387e-15
3.38619141482512931e-02 2.42435939248589716e-16 2.66846012161068866e-15
3.39209604097300693e-02 2.42591246759149451e-16 2.59204321464657811e-15
3.39800066712088455e-02 2.42742036240188645e-16 2.51542657105364341e-15
3.40390529326876218e-02 2.42888296319124035e-16 2.43863158683982248e-15
3.40980991941663980e-02 2.43030017307844945e-16 2.36167965801305523e-15
3.41571454556451812e-02 2.43167189939358762e-16 2.28457078457334164e-15
3.42161917171239574e-02 2.43299804946672722e-16 2.20730496652068094e-15
3.42752379786027336e-02 2.43427853062794359e-16 2.12988220385507431e-15
3.43342842400815168e-02 2.43551325020730911e-16 2.05230249657652095e-15
3.43933305015602930e-02 2.43670211553489616e-16 1.97456584468502087e-15
3.44523767630390693e-02 2.43784503394078006e-16 1.89667224818057446e-15
3.45114230245178455e-02 2.43894191708322506e-16 1.81864369757665680e-15
3.45704692859966217e-02 2.43999269393326525e-16 1.74050218338674472e-15
3.46295155474753980e-02 2.44099729779012610e-16 1.66224770561083764e-15
3.46885618089541742e-02 2.44195566195303406e-16 1.58388026424893575e-15
3.47476080704329504e-02 2.44286771972121311e-16 1.50539985930103906e-15
3.48066543319117266e-02 2.44373340439389021e-16 1.42680649076714716e-15
3.48657005933905098e-02 2.44455264927029131e-16 1.34810015864726085e-15
3.49247468548692860e-02 2.44532538764964039e-16 1.26928086294137934e-15
3.49837931163480623e-02 2.44605155724383635e-16 1.19037102338664738e-15
3.50428393778268454e-02 2.44673111341546590e-16 1.11139305972020952e-15
3.51018856393056217e-02 2.44736401593978820e-16 1.03234697194206516e-15
3.51609319007843979e-02 2.44795022459206092e-16 9.53232760052214512e-16
3.52199781622631741e-02 2.44848969914754471e-16 8.74050424050657764e-16
3.52790244237419504e-02 2.44898239938149673e-16 7.94799963937394721e-16
3.53380706852207266e-02 2.44942828506917665e-16 7.15481379712425579e-16
3.53971169466995028e-02 2.44982731598584411e-16 6.36094671375750241e-16
3.54561632081782790e-02 2.45017945637047938e-16 5.56662518042040426e-16
3.55152094696570553e-02 2.45048468831695804e-16 4.77207598825968248e-16
3.55742557311358315e-02 2.45074299838287726e-16 3.97729913727533559e-16
3.56333019926146147e-02 2.45095437312583473e-16 3.18229462746736358e-16
3.56923482540933909e-02 2.45111879910342862e-16 2.38706245883576696e-16
3.57513945155721671e-02 2.45123626287325511e-16 1.59160263138054597e-16
3.58104407770509503e-02 2.45130675099291288e-16 7.95915145101699736e-17
3.58694870385297265e-02 2.45133025001999959e-16 -7.71202064403310342e-29
3.59285333000085028e-02 2.45130675099291288e-16 -7.95915145103223963e-17
3.59875795614872790e-02 2.45123626287325511e-16 -1.59160263138201596e-16
3.60466258229660552e-02 2.45111879910342812e-16 -2.38706245883714697e-16
3.61056720844448314e-02 2.45095437312583424e-16 -3.18229462746861689e-16
3.61647183459236077e-02 2.45074299838287677e-16 -3.97729913727642570e-16
3.62237646074023839e-02 2.45048468831695705e-16 -4.77207598826057389e-16
3.62828108688811601e-02 2.45017945637047889e-16 -5.56662518042106099e-16
3.63418571303599433e-02 2.44982731598584312e-16 -6.36094671375788698e-16
3.64009033918387195e-02 2.44942828506917616e-16 -7.15481379712435736e-16
3.64599496533174958e-02 2.44898239938149673e-16 -7.94799963937377859e-16
3.65189959147962789e-02 2.44848969914754421e-16 -8.74050424050614968e-16
3.65780421762750552e-02 2.44795022459206092e-16 -9.53232760052147065e-16
3.66370884377538314e-02 2.44736401593978721e-16 -1.03234697194197405e-15
3.66961346992326076e-02 2.44673111341546590e-16 -1.11139305972009612e-15
3.67551809607113839e-02 2.44605155724383585e-16 -1.19037102338651308e-15
3.68142272221901601e-02 2.44532538764963989e-16 -1.26928086294122512e-15
3.68732734836689363e-02 2.44455264927029032e-16 -1.34810015864709263e-15
3.69323197451477125e-02 2.44373340439389021e-16 -1.42680649076697618e-15
3.69913660066264888e-02 2.44286771972121311e-16 -1.50539985930087576e-15
3.70504122681052650e-02 2.44195566195303406e-16 -1.58388026424879119e-15
3.71094585295840412e-02 2.44099729779012610e-16 -1.66224770561072247e-15
3.71685047910628313e-02 2.43999269393326574e-16 -1.74050218338666998e-15
3.72275510525416076e-02 2.43894191708322555e-16 -1.81864369757663353e-15
3.72865973140203838e-02 2.43784503394078006e-16 -1.89667224818061272e-15
3.73456435754991600e-02 2.43670211553489665e-16 -1.97456584468511908e-15
3.74046898369779363e-02 2.43551325020730862e-16 -2.05230249657666334e-15
3.74637360984567125e-02 2.43427853062794359e-16 -2.12988220385524510e-15
3.75227823599354887e-02 2.43299804946672722e-16 -2.20730496652086475e-15
3.75818286214142649e-02 2.43167189939358762e-16 -2.28457078457352190e-15
3.76408748828930412e-02 2.43030017307844945e-16 -2.36167965801321655e-15
3.76999211443718174e-02 2.42888296319123936e-16 -2.43863158683994949e-15
3.77589674058505936e-02 2.42742036240188547e-16 -2.51542657105372032e-15
3.78180136673293699e-02 2.42591246759149353e-16 -2.59204321464660296e-15
3.78770599288081461e-02 2.42435939248589667e-16 -2.66846012161067170e-15
3.79361061902869362e-02 2.42276125502210518e-16 -2.74467729194592654e-15
3.79951524517657124e-02 2.42111817313713181e-16 -2.82069472565236748e-15
3.80541987132444887e-02 2.41943026476798931e-16 -2.89651242272999453e-15
3.81132449747232649e-02 2.41769764785168844e-16 -2.97213038317880768e-15
3.81722912362020411e-02 2.41592044032524197e-16 -3.04754860699880654e-15
3.82313374976808173e-02 2.41409876012566312e-16 -3.12276709418999229e-15
3.82903837591595936e-02 2.41223272925284189e-16 -3.19776520222959857e-15
3.83494300206383698e-02 2.41032248595818747e-16 -3.27252228859486178e-15
3.84084762821171460e-02 2.40836817255598778e-16 -3.34703835328578154e-15
3.84675225435959223e-02 2.40636993136053125e-16 -3.42131339630235784e-15
3.85265688050746985e-02 2.40432790468610578e-16 -3.49534741764459067e-15
3.85856150665534747e-02 2.40224223484699930e-16 -3.56914041731247965e-15
3.86446613280322648e-02 2.40011306415749922e-16 -3.64269239530602557e-15
3.87037075895110411e-02 2.39794053493189544e-16 -3.71600335162522842e-15
3.87627538509898173e-02 2.39572479336932692e-16 -3.78905354825766783e-15
3.88218001124685935e-02 2.39346600120834662e-16 -3.86182324719092737e-15
3.88808463739473698e-02 2.39116432407235953e-16 -3.93431244842500388e-15
3.89398926354261460e-02 2.38881992758476966e-16 -4.00652115195989895e-15
3.89989388969049222e-02 2.38643297736898348e-16 -4.07844935779561335e-15
3.90579851583836984e-02 2.38400363904840451e-16 -4.15009706593214631e-15
3.91170314198624747e-02 2.38153207824643871e-16 -4.22146427636949703e-15
3.91760776813412509e-02 2.37901846058648962e-16 -4.29255098910766631e-15
3.92351239428200271e-02 2.37646295537093435e-16 -4.36333851217087095e-15
3.92941702042988034e-02 2.37386574661803175e-16 -4.43380815358332858e-15
3.93532164657775796e-02 2.37122702202501326e-16 -4.50395991334503839e-15
3.94122627272563697e-02 2.36854696928910937e-16 -4.57379379145599882e-15
3.94713089887351459e-02 2.36582577610755055e-16 -4.64330978791621381e-15
3.95303552502139222e-02 2.36306363017756827e-16 -4.71250790272567941e-15
3.95894015116926984e-02 2.36026071919639103e-16 -4.78138813588439720e-15
3.96484477731714746e-02 2.35741723086125227e-16 -4.84995048739236798e-15
3.97074940346502508e-02 2.35453335631676328e-16 -4.91817744192193046e-15
3.97665402961290271e-02 2.35160930049706510e-16 -4.98605148414542418e-15
3.98255865576078033e-02 2.34864527178368104e-16 -5.05357261406285072e-15
3.98846328190865795e-02 2.34564147855813396e-16 -5.12074083167420927e-15
3.99436790805653558e-02 2.34259812920194668e-16 -5.18755613697949906e-15
4.00027253420441320e-02 2.33951543209664303e-16 -5.25401852997872087e-15
4.00617716035229082e-02 2.33639359562374485e-16 -5.32012801067187470e-15
4.01208178650016983e-02 2.33323282816477696e-16 -5.38588457905896135e-15
4.01798641264804746e-02 2.33003334129374432e-16 -5.45127201488707255e-15
4.02389103879592508e-02 2.32679535935459366e-16 -5.51627409790330479e-15
4.02979566494380270e-02 2.32351910988375286e-16 -5.58089082810765650e-15
4.03570029109168033e-02 2.32020482041765080e-16 -5.64512220550013082e-15
4.04160491723955795e-02 2.31685271849271683e-16 -5.70896823008072303e-15
4.04750954338743557e-02 2.31346303164537982e-16 -5.77242890184943707e-15
4.05341416953531319e-02 2.31003598741206814e-16 -5.83550422080626978e-15
4.05931879568319082e-02 2.30657181332921114e-16 -5.89819418695122431e-15
4.06522342183106844e-02 2.30307073985013175e-16 -5.96048398024046556e-15
4.07112804797894606e-02 2.29953300909572861e-16 -6.02235878063015839e-15
4.07703267412682369e-02 2.29595886610379395e-16 -6.08381858812030596e-15
4.08293730027470131e-02 2.29234855591212094e-16 -6.14486340271090433e-15
4.08884192642258032e-02 2.28870232355850182e-16 -6.20549322440195823e-15
4.09474655257045794e-02 2.28502041408072878e-16 -6.26570805319346214e-15
4.10065117871833557e-02 2.28130307251659502e-16 -6.32550788908542158e-15
4.10655580486621319e-02 2.27755054390389276e-16 -6.38489273207783261e-15
4.11246043101409081e-02 2.27376307590382538e-16 -6.44384925324520427e-15
4.11836505716196843e-02 2.26994092667123949e-16 -6.50236412366204483e-15
4.12426968330984606e-02 2.26608435698439187e-16 -6.56043734332835429e-15
4.13017430945772368e-02 2.26219362762153884e-16 -6.61806891224413186e-15
4.13607893560560130e-02 2.25826899936093865e-16 -6.67525883040937753e-15
4.14198356175347893e-02 2.25431073298084761e-16 -6.73200709782409210e-15
4.14788818790135655e-02 2.25031908925952251e-16 -6.78831371448827478e-15
4.15379281404923417e-02 2.24629432897522065e-16 -6.84417868040192557e-15
4.15969744019711318e-02 2.24223671522117966e-16 -6.89959023369536263e-15
4.16560206634499081e-02 2.23814652035056459e-16 -6.95453661249890330e-15
4.17150669249286843e-02 2.23402401903152131e-16 -7.00901781681254603e-15
4.17741131864074605e-02 2.22986948593219474e-16 -7.06303384663629159e-15
4.18331594478862367e-02 2.22568319572073076e-16 -7.11658470197013920e-15
4.18922057093650130e-02 2.22146542306527526e-16 -7.16967038281409122e-15
4.19512519708437892e-02 2.21721644263397364e-16 -7.22229088916814529e-15
4.20102982323225654e-02 2.21293652909497204e-16 -7.27444622103230140e-15
4.20693444938013417e-02 2.20862595911107677e-16 -7.32612624400405963e-15
4.21283907552801179e-02 2.20428501732374405e-16 -7.37732082368091530e-15
4.21874370167588941e-02 2.19991399036909151e-16 -7.42802996006286840e-15
4.22464832782376704e-02 2.19551316488323555e-16 -7.47825365314991737e-15
4.23055295397164466e-02 2.19108282750229330e-16 -7.52799190294206693e-15
4.23645758011952367e-02 2.18662326486238339e-16 -7.57724470943931394e-15
4.24236220626740129e-02 2.18213476359962147e-16 -7.62601207264165680e-15
4.24826683241527892e-02 2.17761761035012517e-16 -7.67429399254910026e-15
4.25417145856315654e-02 2.17307209341559086e-16 -7.72208200675481544e-15
4.26007608471103416e-02 2.16849850776002611e-16 -7.76936765285197504e-15
4.26598071085891178e-02 2.16389715001301822e-16 -7.81615093084058379e-15
4.27188533700678941e-02 2.15926831680415520e-16 -7.86243184072064012e-15
4.27778996315466703e-02 2.15461230476302263e-16 -7.90821038249214245e-15
4.28369458930254465e-02 2.14992941051920780e-16 -7.95348655615509078e-15
4.28959921545042228e-02 2.14521993070229801e-16 -7.99826036170948826e-15
4.29550384159829990e-02 2.14048416194188053e-16 -8.04253179915533175e-15
4.30140846774617752e-02 2.13572240219842842e-16 -8.08629410656865065e-15
4.30731309389405653e-02 2.13093495475596957e-16 -8.12954052202547755e-15
4.31321772004193416e-02 2.12612212422941689e-16 -8.17227104552580772e-15
4.31912234618981178e-02 2.12128421523368304e-16 -8.21448567706964589e-15
4.32502697233768940e-02 2.11642153238368291e-16 -8.25618441665698890e-15
4.33093159848556702e-02 2.11153438029432890e-16 -8.29736726428783676e-15
4.33683622463344465e-02 2.10662306358053541e-16 -8.33803421996219103e-15
4.34274085078132227e-02 2.10168788685721609e-16 -8.37818528368005331e-15
4.34864547692919989e-02 2.09672915573302401e-16 -8.41781540648431755e-15
4.35455010307707752e-02 2.09174717979157337e-16 -8.45691953941789505e-15
4.36045472922495514e-02 2.08674226961021954e-16 -8.49549768248077794e-15
4.36635935537283276e-02 2.08171473576631614e-16 -8.53354983567297095e-15
4.37226398152071039e-02 2.07666488883721756e-16 -8.57107599899447092e-15
4.37816860766858801e-02 2.07159303940027890e-16 -8.60807617244527942e-15
4.38407323381646702e-02 2.06649949803285355e-16 -8.64455035602539647e-15
4.38997785996434464e-02 2.06138457531229736e-16 -8.68049854973482047e-15
4.39588248611222226e-02 2.05624858247320293e-16 -8.71591741429475077e-15
4.40178711226009989e-02 2.05109183337912393e-16 -8.75080361042638668e-15
4.40769173840797751e-02 2.04591464255085372e-16 -8.78515713812972663e-15
4.41359636455585513e-02 2.04071732450918469e-16 -8.81897799740477378e-15
4.41950099070373276e-02 2.03550019377491120e-16 -8.85226618825152182e-15
4.42540561685161038e-02 2.03026356486882464e-16 -8.88502171066997705e-15
4.43131024299948800e-02 2.02500775231171887e-16 -8.91724456466013633e-15
4.43721486914736563e-02 2.01973307062438678e-16 -8.94893475022200122e-15
4.44311949529524325e-02 2.01443983465203018e-16 -8.98009061910859293e-15
4.44902412144312087e-02 2.00912836053748961e-16 -9.01071052307293897e-15
4.45492874759099988e-02 2.00379896474801453e-16 -9.04079446211503303e-15
4.46083337373887751e-02 1.99845196375085370e-16 -9.07034243623488142e-15
4.46673799988675513e-02 1.99308767401325830e-16 -9.09935444543248099e-15
4.47264262603463275e-02 1.98770641200247560e-16 -9.12783048970783172e-15
4.47854725218251037e-02 1.98230849418575654e-16 -9.15577056906093522e-15
4.48445187833038800e-02 1.97689423703034938e-16 -9.18317468349178988e-15
4.49035650447826562e-02 1.97146395700166012e-16 -9.21004284237043664e-15
4.49626113062614324e-02 1.96601797055771743e-16 -9.23637505506691327e-15
4.50216575677402087e-02 1.96055659415470430e-16 -9.26217132158122450e-15
4.50807038292189849e-02 1.95508014424880546e-16 -9.28743164191336559e-15
4.51397500906977611e-02 1.94958893729620537e-16 -9.31215601606334128e-15
4.51987963521765373e-02 1.94408328975308701e-16 -9.33634444403114367e-15
4.52578426136553136e-02 1.93856351807563634e-16 -9.35999692581678382e-15
4.53168888751341037e-02 1.93302993872003560e-16 -9.38311346142025068e-15
4.53759351366128799e-02 1.92748286782370758e-16 -9.40569567039699875e-15
4.54349813980916561e-02 1.92192262024902416e-16 -9.42774517230247622e-15
4.54940276595704324e-02 1.91634951053959625e-16 -9.44926196713668309e-15
4.55530739210492086e-02 1.91076385323903380e-16 -9.47024605489961777e-15
4.56121201825279848e-02 1.90516596289094723e-16 -9.49069743559128186e-15
4.56711664440067611e-02 1.89955615403894599e-16 -9.51061610921167219e-15
4.57302127054855373e-02 1.89393474122664151e-16 -9.53000207576079349e-15
4.57892589669643135e-02 1.88830203899764347e-16 -9.54885533523864262e-15
4.58483052284430898e-02 1.88265836127179840e-16 -9.56717905683660344e-15
4.59073514899218660e-02 1.87700401947390190e-16 -9.58497640974605508e-15
4.59663977514006422e-02 1.87133932440498665e-16 -9.60224739396700071e-15
4.60254440128794323e-02 1.86566458686608433e-16 -9.61899200949943558e-15
4.60844902743582086e-02 1.85998011765822763e-16 -9.63521025634336443e-15
4.61435365358369848e-02 1.85428622758244749e-16 -9.65090213449878569e-15
4.62025827973157610e-02 1.84858322743977734e-16 -9.66606764396569936e-15
4.62616290587945372e-02 1.84287142803124861e-16 -9.68070678474410384e-15
4.63206753202733135e-02 1.83715113924342670e-16 -9.69482420302430818e-15
4.63797215817520897e-02 1.83142266730500714e-16 -9.70842454499661979e-15
4.64387678432308659e-02 1.82568631753021915e-16 -9.72150781066103553e-15
4.64978141047096422e-02 1.81994239523329172e-16 -9.73407400001755856e-15
4.65568603661884184e-02 1.81419120572845283e-16 -9.74612311306618729e-15
4.66159066276671946e-02 1.80843305432993196e-16 -9.75765514980692330e-15
4.66749528891459708e-02 1.80266824635195759e-16 -9.76867011023976502e-15
4.67339991506247471e-02 1.79689708710875872e-16 -9.77916799436471402e-15
4.67930454121035372e-02 1.79111988072584312e-16 -9.78915484178990887e-15
4.68520916735823134e-02 1.78533692657383509e-16 -9.79863669212348814e-15
4.69111379350610896e-02 1.77954852283463772e-16 -9.80761354536545972e-15
4.69701841965398659e-02 1.77375496769015386e-16 -9.81608540151581572e-15
4.70292304580186421e-02 1.76795655932228734e-16 -9.82405226057456087e-15
4.70882767194974183e-02 1.76215359591294053e-16 -9.83151412254169202e-15
4.71473229809761946e-02 1.75634637564401726e-16 -9.83847098741721075e-15
4.72063692424549708e-02 1.75053519669742013e-16 -9.84492285520111705e-15
4.72654155039337470e-02 1.74472035581043912e-16 -9.85087706563207892e-15
4.73244617654125233e-02 1.73890214394190829e-16 -9.85634095844876435e-15
4.73835080268912995e-02 1.73308085060604806e-16 -9.86131453365117808e-15
4.74425542883700757e-02 1.72725676531707986e-16 -9.86579779123931222e-15
4.75016005498488658e-02 1.72143017758922364e-16 -9.86979073121317149e-15
4.75606468113276420e-02 1.71560137693669958e-16 -9.87329335357275748e-15
4.76196930728064183e-02 1.70977065287372863e-16 -9.87630565831806704e-15
4.76787393342851945e-02 1.70393829491453219e-16 -9.87882764544910015e-15
4.77377855957639707e-02 1.69810459089283611e-16 -9.88086785315395697e-15
4.77968318572427470e-02 1.69226982192039393e-16 -9.88243481962073604e-15
4.78558781187215232e-02 1.68643426742846337e-16 -9.88352854484943580e-15
4.79149243802002994e-02 1.68059820684830412e-16 -9.88414902884005938e-15
4.79739706416790757e-02 1.67476191961117413e-16 -9.88429627159260365e-15
4.80330169031578519e-02 1.66892568514833383e-16 -9.88397027310707334e-15
4.80920631646366281e-02 1.66308978289104043e-16 -9.88317103338346212e-15
4.81511094261154043e-02 1.65725449227055363e-16 -9.88189855242177474e-15
4.82101556875941806e-02 1.65142009082315511e-16 -9.88016245815124644e-15
4.82692019490729707e-02 1.64558684850521578e-16 -9.87797237850112032e-15
4.83282482105517469e-02 1.63975503337813053e-16 -9.87532831347139640e-15
4.83872944720305231e-02 1.63392491350329399e-16 -9.87223026306207152e-15
4.84463407335092994e-02 1.62809675694209958e-16 -9.86867822727315040e-15
4.85053869949880756e-02 1.62227083175594243e-16 -9.86467220610462833e-15
4.85644332564668518e-02 1.61644740600621594e-16 -9.86021219955650845e-15
4.86234795179456281e-02 1.61062674775431524e-16 -9.85529820762878919e-15
4.86825257794244043e-02 1.60480912297467683e-16 -9.84994083365700762e-15
4.87415720409031805e-02 1.59899478929390633e-16 -9.84415068097670082e-15
4.88006183023819567e-02 1.59318400225165072e-16 -9.83792774958786565e-15
4.88596645638607330e-02 1.58737701738755918e-16 -9.83127203949050524e-15
4.89187108253395092e-02 1.58157409024127896e-16 -9.82418355068461804e-15
4.89777570868182993e-02 1.57577547635245727e-16 -9.81666228317020561e-15
4.90368033482970755e-02 1.56998143126074282e-16 -9.80870823694726638e-15
4.90958496097758518e-02 1.56419221050578308e-16 -9.80032141201580349e-15
4.91548958712546280e-02 1.55840806737162099e-16 -9.79151326857063988e-15
4.92139421327334042e-02 1.55262924611987595e-16 -9.78229526680660949e-15
4.92729883942121805e-02 1.54685598875656331e-16 -9.77266740672371075e-15
4.93320346556909567e-02 1.54108853728769695e-16 -9.76262968832194366e-15
4.93910809171697329e-02 1.53532713371929198e-16 -9.75218211160130663e-15
4.94501271786485092e-02 1.52957202005736301e-16 -9.74132467656180441e-15
4.95091734401272854e-02 1.52382343830792491e-16 -9.73005738320343068e-15
4.95682197016060616e-02 1.51808163047699181e-16 -9.71838023152619018e-15
4.96272659630848378e-02 1.51234683617020967e-16 -9.70630541723380853e-15
4.96863122245636141e-02 1.50661928539174817e-16 -9.69384513603001610e-15
4.97453584860424042e-02 1.50089920574540738e-16 -9.68099938791481446e-15
4.98044047475211804e-02 1.49518682483498783e-16 -9.66776817288819573e-15
4.98634510089999566e-02 1.48948237026428982e-16 -9.65415149095017253e-15
4.99224972704787329e-02 1.48378606963711389e-16 -9.64014934210073224e-15
4.99815435319575091e-02 1.47809815055726035e-16 -9.62576172633988432e-15
5.00405897934362853e-02 1.47241884062852974e-16 -9.61098864366762404e-15
5.00996360549150616e-02 1.46674836493375365e-16 -9.59584290252699641e-15
5.01586823163938378e-02 1.46108693847188808e-16 -9.58033731136104961e-15
5.02177285778726140e-02 1.45543477372091908e-16 -9.56447187016978362e-15
5.02767748393513902e-02 1.44979208315883420e-16 -9.54824657895319688e-15
5.03358211008301665e-02 1.44415907926362024e-16 -9.53166143771128938e-15
5.03948673623089427e-02 1.43853597451326423e-16 -9.51471644644405955e-15
5.04539136237877328e-02 1.43292298138575298e-16 -9.49741160515151212e-15
5.05129598852665090e-02 1.42732031235907304e-16 -9.47974691383364236e-15
5.05720061467452853e-02 1.42172817729382126e-16 -9.46173567082654142e-15
5.06310524082240615e-02 1.41614677558103420e-16 -9.44339117446629101e-15
5.06900986697028377e-02 1.41057630399435875e-16 -9.42471342475289429e-15
5.07491449311816140e-02 1.40501695930743979e-16 -9.40570242168634809e-15
5.08081911926603902e-02 1.39946893829392469e-16 -9.38635816526665715e-15
5.08672374541391664e-02 1.39393243772745932e-16 -9.36668065549381831e-15
5.09262837156179426e-02 1.38840765438169032e-16 -9.34666989236783158e-15
5.09853299770967189e-02 1.38289478503026356e-16 -9.32632587588869695e-15
5.10443762385754951e-02 1.37739402375695519e-16 -9.30566227264664906e-15
5.11034225000542713e-02 1.37190555388606086e-16 -9.28469274923191779e-15
5.11624687615330476e-02 1.36642955605200526e-16 -9.26341730564450473e-15
5.12215150230118377e-02 1.36096621088921357e-16 -9.24183594188441146e-15
5.12805612844906139e-02 1.35551569903211073e-16 -9.21994865795163481e-15
5.13396075459693901e-02 1.35007820111512216e-16 -9.19775545384617637e-15
5.13986538074481664e-02 1.34465389777267279e-16 -9.17525632956803613e-15
5.14577000689269426e-02 1.33924296963918779e-16 -9.15245128511721410e-15
5.15167463304057188e-02 1.33384559461020650e-16 -9.12935423611815349e-15
5.15757925918844951e-02 1.32846193962572770e-16 -9.10597909819529438e-15
5.16348388533632713e-02 1.32309216888686433e-16 -9.08232587134863992e-15
5.16938851148420475e-02 1.31773644659472959e-16 -9.05839455557818537e-15
5.17529313763208237e-02 1.31239493695043691e-16 -9.03418515088393547e-15
5.18119776377996000e-02 1.30706780415509823e-16 -9.00969765726588864e-15
5.18710238992783762e-02 1.30175521240982797e-16 -8.98493207472404488e-15
5.19300701607571663e-02 1.29645732591573859e-16 -8.95988840325840419e-15
5.19891164222359425e-02 1.29117430610881002e-16 -8.93458069185241580e-15
5.20481626837147188e-02 1.28590630336448974e-16 -8.90902298948952102e-15
5.21072089451934950e-02 1.28065346529309149e-16 -8.88321529616972775e-15
5.21662552066722712e-02 1.27541593950492950e-16 -8.85715761189303284e-15
5.22253014681510475e-02 1.27019387361031776e-16 -8.83084993665943786e-15
5.22843477296298237e-02 1.26498741521957075e-16 -8.80429227046893966e-15
5.23433939911085999e-02 1.25979671194300221e-16 -8.77748461332154139e-15
5.24024402525873761e-02 1.25462191139092637e-16 -8.75042696521723990e-15
5.24614865140661524e-02 1.24946315840414284e-16 -8.72313339739737471e-15
5.25205327755449286e-02 1.24432058674539643e-16 -8.69561798110328533e-15
5.25795790370237048e-02 1.23919432740791734e-16 -8.66788071633496862e-15
5.26386252985024811e-02 1.23408451138493525e-16 -8.63992160309242773e-15
5.26976715599812712e-02 1.22899126966968061e-16 -8.61174064137565792e-15
5.27567178214600474e-02 1.22391473325538386e-16 -8.58333783118466551e-15
5.28157640829388236e-02 1.21885503313527443e-16 -8.55471317251944261e-15
5.28748103444175999e-02 1.21381230030258326e-16 -8.52586666537999710e-15
5.29338566058963761e-02 1.20878666299743052e-16 -8.49681229766208892e-15
5.29929028673751523e-02 1.20377823844749682e-16 -8.46756405726148429e-15
5.30519491288539286e-02 1.19878714112735375e-16 -8.43812194417818007e-15
5.31109953903327048e-02 1.19381348551157214e-16 -8.40848595841217784e-15
5.31700416518114810e-02 1.18885738607472332e-16 -8.37865609996347916e-15
5.32290879132902572e-02 1.18391895729137840e-16 -8.34863236883208088e-15
5.32881341747690335e-02 1.17899831363610893e-16 -8.31841476501798617e-15
5.33471804362478097e-02 1.17409556958348553e-16 -8.28800328852119343e-15
5.34062266977265998e-02 1.16921083689091691e-16 -8.25741174459724459e-15
5.34652729592053760e-02 1.16434421644716260e-16 -8.22665393850168469e-15
5.35243192206841523e-02 1.15949580642381901e-16 -8.19572987023451374e-15
5.35833654821629285e-02 1.15466570499248257e-16 -8.16463953979573015e-15
5.36424117436417047e-02 1.14985401032474968e-16 -8.13338294718533394e-15
5.37014580051204810e-02 1.14506082059221702e-16 -8.10196009240332825e-15
5.37605042665992572e-02 1.14028623396648175e-16 -8.07037097544970835e-15
5.38195505280780334e-02 1.13553034861914003e-16 -8.03861559632447898e-15
5.38785967895568096e-02 1.13079326005873808e-16 -8.00670748535047271e-15
5.39376430510355859e-02 1.12607505314162401e-16 -7.97466017285053159e-15
5.39966893125143621e-02 1.12137581006109354e-16 -7.94247365882465562e-15
5.40557355739931383e-02 1.11669561301044431e-16 -7.91014794327284164e-15
5.41147818354719146e-02 1.11203454418297303e-16 -7.87768302619509123e-15
5.41738280969507047e-02 1.10739268577197711e-16 -7.84507890759140755e-15
5.42328743584294809e-02 1.10277011997075310e-16 -7.81233558746178428e-15
5.42919206199082571e-02 1.09816692897259820e-16 -7.77945306580622774e-15
5.43509668813870334e-02 1.09358319237854594e-16 -7.74644451329758500e-15
5.44100131428658096e-02 1.08901897942057716e-16 -7.71332310060870313e-15
5.44690594043445858e-02 1.08447435673840842e-16 -7.68008882773958528e-15
5.45281056658233620e-02 1.07994939097175728e-16 -7.64674169469023146e-15
5.45871519273021383e-02 1.07544414876034058e-16 -7.61328170146064166e-15
5.46461981887809145e-02 1.07095869674387551e-16 -7.57970884805081273e-15
5.47052444502596907e-02 1.06649310156207950e-16 -7.54602313446074940e-15
5.47642907117384670e-02 1.06204742985466901e-16 -7.51222456069044852e-15
5.48233369732172432e-02 1.05762174575497967e-16 -7.47832586107190906e-15
5.48823832346960333e-02 1.05321610337081630e-16 -7.44433976993713630e-15
5.49414294961748095e-02 1.04883055430360264e-16 -7.41026628728612392e-15
5.50004757576535858e-02 1.04446515015476144e-16 -7.37610541311887667e-15
5.50595220191323620e-02 1.04011994252571621e-16 -7.34185714743539137e-15
5.51185682806111382e-02 1.03579498301788983e-16 -7.30752149023566963e-15
5.51776145420899145e-02 1.03149032323270578e-16 -7.27309844151970984e-15
5.52366608035686907e-02 1.02720601477158708e-16 -7.23858800128751518e-15
5.52957070650474669e-02 1.02294210682890521e-16 -7.20400239919652375e-15
5.53547533265262431e-02 1.01869863897082393e-16 -7.16935386490417522e-15
5.54137995880050194e-02 1.01447564835645548e-16 -7.13464239841047276e-15
5.54728458494837956e-02 1.01027317214491223e-16 -7.09986799971541399e-15
5.55318921109625718e-02 1.00609124749530642e-16 -7.06503066881900050e-15
5.55909383724413481e-02 1.00192991156674968e-16 -7.03013040572122992e-15
5.56499846339201382e-02 9.97789201518354490e-17 -6.99516721042210383e-15
5.57090308953989144e-02 9.93669154509233224e-17 -6.96014108292162380e-15
5.57680771568776906e-02 9.89569805402539411e-17 -6.92506368843841265e-15
5.58271234183564669e-02 9.85491179877592725e-17 -6.88994669219109555e-15
5.58861696798352431e-02 9.81433301317754131e-17 -6.85479009417967329e-15
5.59452159413140193e-02 9.77396193106385088e-17 -6.81959389440414509e-15
5.60042622027927955e-02 9.73379878626846437e-17 -6.78435809286451173e-15
5.60633084642715718e-02 9.69384381262499882e-17 -6.74908268956077242e-15
5.61223547257503480e-02 9.65409724396706512e-17 -6.71376768449292796e-15
5.61814009872291242e-02 9.61455931412827045e-17 -6.67841307766097754e-15
5.62404472487079005e-02 9.57523023519414651e-17 -6.64302991874849920e-15
5.62994935101866767e-02 9.53611013225788733e-17 -6.60762925743907093e-15
5.63585397716654668e-02 9.49719910866460408e-17 -6.57221109373269038e-15
5.64175860331442430e-02 9.45849726775940543e-17 -6.53677542762936148e-15
5.64766322946230193e-02 9.42000471288740256e-17 -6.50132225912907950e-15
5.65356785561017955e-02 9.38172154739370907e-17 -6.46585158823184919e-15
5.65947248175805717e-02 9.34364787462343490e-17 -6.43036341493766579e-15
5.66537710790593479e-02 9.30578379792168503e-17 -6.39485773924653406e-15
5.67128173405381242e-02 9.26812940018052249e-17 -6.35934495286867573e-15
5.67718636020169004e-02 9.23068468247978074e-17 -6.32383544751431729e-15
5.68309098634956766e-02 9.19344962544624392e-17 -6.28832922318345874e-15
5.68899561249744529e-02 9.15642420970669735e-17 -6.25282627987609930e-15
5.69490023864532291e-02 9.11960841588791776e-17 -6.21732661759224053e-15
5.70080486479320053e-02 9.08300222461669418e-17 -6.18183023633188087e-15
5.70670949094107816e-02 9.04660561651980704e-17 -6.14633713609502110e-15
5.71261411708895717e-02 9.01041857222403797e-17 -6.11084731688166201e-15
5.71851874323683479e-02 8.97444105326485217e-17 -6.07537047853692163e-15
5.72442336938471241e-02 8.93867294481243305e-17 -6.03991632090592275e-15
5.73032799553259004e-02 8.90311411294564634e-17 -6.00448484398866298e-15
5.73623262168046766e-02 8.86776442374335281e-17 -5.96907604778514391e-15
5.74213724782834528e-02 8.83262374328441943e-17 -5.93368993229536317e-15
5.74804187397622290e-02 8.79769193764771438e-17 -5.89832649751932470e-15
5.75394650012410053e-02 8.76296887291209599e-17 -5.86298574345702536e-15
5.75985112627197815e-02 8.72845441515643369e-17 -5.82766767010846671e-15
5.76575575241985577e-02 8.69414841278029339e-17 -5.79238125990321646e-15
5.77166037856773340e-02 8.66005064346605909e-17 -5.75713549527084546e-15
5.77756500471561102e-02 8.62616086721681991e-17 -5.72193037621135292e-15
5.78346963086349003e-02 8.59247884403566128e-17 -5.68676590272473884e-15
5.78937425701136765e-02 8.55900433392567356e-17 -5.65164207481100321e-15
5.79527888315924528e-02 8.52573709688994093e-17 -5.61655889247014763e-15
5.80118350930712290e-02 8.49267689293155375e-17 -5.58151635570216972e-15
5.80708813545500052e-02 8.45982348205359869e-17 -5.54651446450707105e-15
5.81299276160287814e-02 8.42717660802633275e-17 -5.51156146639988387e-15
5.81889738775075577e-02 8.39473594968868448e-17 -5.47666560889564276e-15
5.82480201389863339e-02 8.36250116964676139e-17 -5.44182689199434537e-15
5.83070664004651101e-02 8.33047193050666362e-17 -5.40704531569599485e-15
5.83661126619438864e-02 8.29864789487449252e-17 -5.37232088000058961e-15
5.84251589234226626e-02 8.26702872535634823e-17 -5.33765358490812967e-15
5.84842051849014388e-02 8.23561408455833579e-17 -5.30304343041861580e-15
5.85432514463802289e-02 8.20440363508655534e-17 -5.26849041653204565e-15
5.86022977078590052e-02 8.17339702478005487e-17 -5.23400204603602116e-15
5.86613439693377814e-02 8.14259384240967754e-17 -5.19958582171814113e-15
5.87203902308165576e-02 8.11199366197921561e-17 -5.16524174357840478e-15
5.87794364922953338e-02 8.08159605749245517e-17 -5.13096981161681368e-15
5.88384827537741101e-02 8.05140060295319219e-17 -5.09677002583336546e-15
5.88975290152528863e-02 8.02140687236521028e-17 -5.06264238622806249e-15
5.89565752767316625e-02 7.99161443973230172e-17 -5.02858689280090320e-15
5.90156215382104388e-02 7.96202287905825877e-17 -4.99460354555188916e-15
5.90746677996892150e-02 7.93263175105062804e-17 -4.96069909998371287e-15
5.91337140611679912e-02 7.90344056323200819e-17 -4.92688031159907237e-15
5.91927603226467675e-02 7.87444880982874974e-17 -4.89314718039796530e-15
5.92518065841255437e-02 7.84565598506720819e-17 -4.85949970638039322e-15
5.93108528456043338e-02 7.81706158317373900e-17 -4.82593788954635456e-15
5.93698991070831100e-02 7.78866509837469519e-17 -4.79246172989585169e-15
5.94289453685618863e-02 7.76046602489643098e-17 -4.75907122742888223e-15
5.94879916300406625e-02 7.73246385696530187e-17 -4.72576638214544857e-15
5.95470378915194387e-02 7.70465807697394485e-17 -4.69255320647525145e-15
5.96060841529982149e-02 7.67704811998013049e-17 -4.65943771284799480e-15
5.96651304144769912e-02 7.64963340920791704e-17 -4.62641990126367940e-15
5.97241766759557674e-02 7.62241336788135536e-17 -4.59349977172230368e-15
5.97832229374345436e-02 7.59538741922450370e-17 -4.56067732422387000e-15
5.98422691989133199e-02 7.56855498646141663e-17 -4.52795255876837600e-15
5.99013154603920961e-02 7.54191549281614869e-17 -4.49532547535582404e-15
5.99603617218708723e-02 7.51546836151275569e-17 -4.46279607398621176e-15
6.00194079833496624e-02 7.48921300538352639e-17 -4.43036963446721627e-15
6.00784542448284387e-02 7.46314879569370127e-17 -4.39805143660651315e-15
6.01375005063072149e-02 7.43727509331675377e-17 -4.36584148040410237e-15
6.01965467677859911e-02 7.41159125912615981e-17 -4.33373976585998395e-15
6.02555930292647673e-02 7.38609665399539038e-17 -4.30174629297415709e-15
6.03146392907435436e-02 7.36079063879792264e-17 -4.26986106174662258e-15
6.03736855522223198e-02 7.33567257440722755e-17 -4.23808407217738043e-15
6.04327318137010960e-02 7.31074182169678229e-17 -4.20641532426643142e-15
6.04917780751798723e-02 7.28599773255851280e-17 -4.17485938132233073e-15
6.05508243366586485e-02 7.26143962295818223e-17 -4.14342080665363670e-15
6.06098705981374247e-02 7.23706679987999637e-17 -4.11209960026034853e-15
6.06689168596162010e-02 7.21287857030816840e-17 -4.08089576214246702e-15
6.07279631210949772e-02 7.18887424122691396e-17 -4.04980929229999138e-15
6.07870093825737673e-02 7.16505311962044256e-17 -4.01884019073292239e-15
6.08460556440525435e-02 7.14141451247296366e-17 -3.98798845744125927e-15
6.09051019055313198e-02 7.11795772676869415e-17 -3.95725409242500281e-15
6.09641481670100960e-02 7.09468206187877250e-17 -3.92664096370452874e-15
6.10231944284888722e-02 7.07158678672205425e-17 -3.89615293930021675e-15
6.10822406899676484e-02 7.04867116260432148e-17 -3.86579001921206369e-15
6.11412869514464247e-02 7.02593445083135871e-17 -3.83555220344007191e-15
6.12003332129252009e-02 7.00337591270895172e-17 -3.80543949198423984e-15
6.12593794744039771e-02 6.98099480954288132e-17 -3.77545188484456906e-15
6.13184257358827534e-02 6.95879040263893083e-17 -3.74558938202105799e-15
6.13774719973615296e-02 6.93676195330288476e-17 -3.71585198351370743e-15
6.14365182588403058e-02 6.91490871654540284e-17 -3.68624288772593331e-15
6.14955645203190959e-02 6.89322992219663812e-17 -3.65676529306115080e-15
6.15546107817978722e-02 6.87172479379162626e-17 -3.62741919951936148e-15
6.16136570432766484e-02 6.85039255486539179e-17 -3.59820460710056298e-15
6.16727033047554246e-02 6.82923242895296789e-17 -3.56912151580475687e-15
6.17317495662342008e-02 6.80824363958938775e-17 -3.54016992563194356e-15
6.17907958277129771e-02 6.78742541030967959e-17 -3.51134983658212186e-15
6.18498420891917533e-02 6.76677696464887292e-17 -3.48266124865529256e-15
6.19088883506705295e-02 6.74629752110655259e-17 -3.45410672024282621e-15
6.19679346121493058e-02 6.72598627804050904e-17 -3.42568880973609455e-15
6.20269808736280820e-02 6.70584242877308072e-17 -3.39740751713509796e-15
6.20860271351068582e-02 6.68586516662661097e-17 -3.36926284243983646e-15
6.21450733965856345e-02 6.66605368492344070e-17 -3.34125478565030886e-15
6.22041196580644107e-02 6.64640717698591204e-17 -3.31338334676651634e-15
6.22631659195432008e-02 6.62692483613636836e-17 -3.28564852578845930e-15
6.23222121810219770e-02 6.60760585569714809e-17 -3.25805032271613576e-15
6.23812584425007532e-02 6.58844942515062678e-17 -3.23059068854454155e-15
6.24403047039795295e-02 6.56945471861932354e-17 -3.20327157426866973e-15
6.24993509654583057e-02 6.55062090638578349e-17 -3.17609297988852031e-15
6.25583972269370819e-02 6.53194715873255793e-17 -3.14905490540409328e-15
6.26174434884158582e-02 6.51343264594219691e-17 -3.12215735081538864e-15
6.26764897498946344e-02 6.49507653829724803e-17 -3.09540031612240639e-15
6.27355360113734106e-02 6.47687800608026258e-17 -3.06878380132514654e-15
6.27945822728521869e-02 6.45883621957378939e-17 -3.04230780642360987e-15
6.28536285343309631e-02 6.44095034634463980e-17 -3.01597371121879532e-15
6.29126747958097393e-02 6.42321954309668385e-17 -2.98978289551170460e-15
6.29717210572885294e-02 6.40564296381805163e-17 -2.96373535930233769e-15
6.30307673187673057e-02 6.38821976249687448e-17 -2.93783110259069460e-15
6.30898135802460819e-02 6.37094909312128371e-17 -2.91207012537677494e-15
6.31488598417248581e-02 6.35383010967941188e-17 -2.88645242766057910e-15
6.32079061032036343e-02 6.33686196615938910e-17 -2.86097800944210668e-15
6.32669523646824106e-02 6.32004381654934668e-17 -2.83564687072135848e-15
6.33259986261611868e-02 6.30337481317735801e-17 -2.81045985493312189e-15
6.33850448876399630e-02 6.28685410173128078e-17 -2.78541780551218472e-15
6.34440911491187393e-02 6.27048082623890855e-17 -2.76052072245854813e-15
6.35031374105975155e-02 6.25425413072803860e-17 -2.73576860577221095e-15
6.35621836720762917e-02 6.23817315922646945e-17 -2.71116145545317436e-15
6.36212299335550679e-02 6.22223705576199590e-17 -2.68669927150143757e-15
6.36802761950338442e-02 6.20644496436241769e-17 -2.66238205391700058e-15
6.37393224565126343e-02 6.19079602905553210e-17 -2.63820980269986379e-15
6.37983687179914105e-02 6.17528939316783166e-17 -2.61418287416412228e-15
6.38574149794701867e-02 6.15992419722061584e-17 -2.59030162462387231e-15
6.39164612409489630e-02 6.14469958103387441e-17 -2.56656605407911310e-15
6.39755075024277392e-02 6.12961468442760457e-17 -2.54297616252984582e-15
6.40345537639065154e-02 6.11466864722179856e-17 -2.51953194997606930e-15
6.40936000253852917e-02 6.09986060923645233e-17 -2.49623341641778432e-15
6.41526462868640679e-02 6.08518971029155691e-17 -2.47308056185499009e-15
6.42116925483428441e-02 6.07065509020710948e-17 -2.45007338628768741e-15
6.42707388098216204e-02 6.05625588905638458e-17 -2.42721176102887098e-15
6.43297850713003966e-02 6.04199124792579079e-17 -2.40449555739153551e-15
6.43888313327791728e-02 6.02786030815502270e-17 -2.38192477537568060e-15
6.44478775942579629e-02 6.01386221108376749e-17 -2.35949941498130704e-15
6.45069238557367391e-02 5.99999609805171604e-17 -2.33721947620841405e-15
6.45659701172155154e-02 5.98626111039856538e-17 -2.31508495905700241e-15
6.46250163786942916e-02 5.97265638946400147e-17 -2.29309586352707134e-15
6.46840626401730678e-02 5.95918107658771765e-17 -2.27125218961862162e-15
6.47431089016518441e-02 5.94583431395863821e-17 -2.24955350585650592e-15
6.48021551631306203e-02 5.93261524716262112e-17 -2.22799938076557889e-15
6.48612014246093965e-02 5.91952302263475528e-17 -2.20658981434584011e-15
6.49202476860881728e-02 5.90655678681012961e-17 -2.18532480659728921e-15
6.49792939475669490e-02 5.89371568612383672e-17 -2.16420435751992658e-15
6.50383402090457252e-02 5.88099886701096675e-17 -2.14322846711375181e-15
6.50973864705245014e-02 5.86840547590660985e-17 -2.12239713537876570e-15
6.51564327320032777e-02 5.85593465924585492e-17 -2.10171036231496708e-15
6.52154789934820678e-02 5.84358556586944193e-17 -2.08116692566898049e-15
6.52745252549608440e-02 5.83135735424071013e-17 -2.06076560318743051e-15
6.53335715164396202e-02 5.81924918522864857e-17 -2.04050639487031517e-15
6.53926177779183965e-02 5.80726021970224754e-17 -2.02038930071763565e-15
6.54516640393971727e-02 5.79538961853049118e-17 -2.00041432072939155e-15
6.55107103008759489e-02 5.78363654258237470e-17 -1.98058145490558406e-15
6.55697565623547252e-02 5.77200015272688225e-17 -1.96089070324621082e-15
6.56288028238335014e-02 5.76047960983300165e-17 -1.94134206575127418e-15
6.56878490853122776e-02 5.74907407476972441e-17 -1.92193554242077336e-15
6.57468953467910538e-02 5.73778270840603715e-17 -1.90267113325470757e-15
6.58059416082698301e-02 5.72660467161093138e-17 -1.88354883825307760e-15
6.58649878697486063e-02 5.71553912525339247e-17 -1.86456865741588346e-15
6.59240341312273964e-02 5.70458523020241194e-17 -1.84573059074312473e-15
6.59830803927061726e-02 5.69374214732697639e-17 -1.82703463823480143e-15
6.60421266541849489e-02 5.68300903749607611e-17 -1.80848079989091435e-15
6.61011729156637251e-02 5.67238506157869769e-17 -1.79006907571146230e-15
