# T_electron( psi ) in JOULES -- geq tabulates eV and meq::Species
# documents joules, so the conversion is here and not in the TOML.
#
#    psi            f( psi )        f'( psi )
5.63780116139572449e-03 5.49639824052611900e-17 1.42623389772134785e-15
5.69684742287450158e-03 5.50486287174484214e-17 1.44090340153910824e-15
5.75589368435327955e-03 5.51341445518734877e-17 1.45568613452853383e-15
5.81493994583205664e-03 5.52205365942956575e-17 1.47058209668962522e-15
5.87398620731083374e-03 5.53078115304741997e-17 1.48559128802238262e-15
5.93303246878961084e-03 5.53959760461684014e-17 1.50071370852680522e-15
5.99207873026838880e-03 5.54850368271375499e-17 1.51594935820289383e-15
6.05112499174716590e-03 5.55750005591409077e-17 1.53129823705064824e-15
6.11017125322594300e-03 5.56658739279377375e-17 1.54676034507006786e-15
6.16921751470472096e-03 5.57576636192873572e-17 1.56233568226115308e-15
6.22826377618349806e-03 5.58503763189489987e-17 1.57802424862390411e-15
6.28731003766227516e-03 5.59440187126819676e-17 1.59382604415832114e-15
6.34635629914105225e-03 5.60385974862455327e-17 1.60974106886440357e-15
6.40540256061983022e-03 5.61341193253989874e-17 1.62576932274215162e-15
6.46444882209860731e-03 5.62305909159015882e-17 1.64191080579156566e-15
6.52349508357738441e-03 5.63280189435126159e-17 1.65816551801264491e-15
6.58254134505616151e-03 5.64264100939913395e-17 1.67453345940538996e-15
6.64158760653493947e-03 5.65257710722640181e-17 1.69101560379769356e-15
6.70063386801371657e-03 5.66261086599247490e-17 1.70761292501744726e-15
6.75968012949249367e-03 5.67274296577346201e-17 1.72432542306465203e-15
6.81872639097127163e-03 5.68297408664546700e-17 1.74115309793930750e-15
6.87777265245004873e-03 5.69330490868459864e-17 1.75809594964141366e-15
6.93681891392882582e-03 5.70373611196696449e-17 1.77515397817097071e-15
6.99586517540760379e-03 5.71426837656866964e-17 1.79232718352797864e-15
7.05491143688638089e-03 5.72490238256582286e-17 1.80961556571243687e-15
7.11395769836515798e-03 5.73563881071115497e-17 1.82701946850129006e-15
7.17300395984393508e-03 5.74647834446389595e-17 1.84453923567148188e-15
7.23205022132271218e-03 5.75742166795990396e-17 1.86217486722301235e-15
7.29109648280149014e-03 5.76846946533503227e-17 1.87992636315588146e-15
7.35014274428026724e-03 5.77962242072513903e-17 1.89779372347008961e-15
7.40918900575904434e-03 5.79088121826607748e-17 1.91577694816563600e-15
7.46823526723782230e-03 5.80224654209370458e-17 1.93387603724252103e-15
7.52728152871659940e-03 5.81371907634387603e-17 1.95209099070074510e-15
7.58632779019537649e-03 5.82529950535424924e-17 1.97042191107142204e-15
7.64537405167415446e-03 5.83698851426969341e-17 1.98886890088566648e-15
7.70442031315293156e-03 5.84878678843688071e-17 2.00743196014347921e-15
7.76346657463170865e-03 5.86069501320248080e-17 2.02611108884485865e-15
7.82251283611048662e-03 5.87271387391316707e-17 2.04490628698980599e-15
7.88155909758926285e-03 5.88484405591561044e-17 2.06381755457832044e-15
7.94060535906804081e-03 5.89708624455648182e-17 2.08284489161040279e-15
7.99965162054681878e-03 5.90944112518245335e-17 2.10198829808605263e-15
8.05869788202559501e-03 5.92190938258143715e-17 2.12124749011273410e-15
8.11774414350437297e-03 5.93449169930630393e-17 2.14062218379791252e-15
8.17679040498315093e-03 5.94718875735116806e-17 2.16011237914158629e-15
8.23583666646192716e-03 5.96000123871014146e-17 2.17971807614375700e-15
8.29488292794070513e-03 5.97292982537734096e-17 2.19943927480442386e-15
8.35392918941948309e-03 5.98597519934687230e-17 2.21927597512358648e-15
8.41297545089825932e-03 5.99913804261285356e-17 2.23922817710124564e-15
8.47202171237703729e-03 6.01241903716939664e-17 2.25929588073740095e-15
8.53106797385581525e-03 6.02581886368796735e-17 2.27947841402710022e-15
8.59011423533459148e-03 6.03933819754944956e-17 2.29977510496538968e-15
8.64916049681336944e-03 6.05297771281207980e-17 2.32018595355227091e-15
8.70820675829214567e-03 6.06673808353409582e-17 2.34071095978774273e-15
8.76725301977092364e-03 6.08061998377373169e-17 2.36135012367180592e-15
8.82629928124969987e-03 6.09462408758922887e-17 2.38210344520445970e-15
8.88534554272847783e-03 6.10875106903882019e-17 2.40297092438570485e-15
8.94439180420725580e-03 6.12300160218074341e-17 2.42395256121554059e-15
9.00343806568603203e-03 6.13737635890947835e-17 2.44504725634032858e-15
9.06248432716480999e-03 6.15187600246447549e-17 2.46625391040642733e-15
9.12153058864358796e-03 6.16650119392142490e-17 2.48757252341383881e-15
9.18057685012236419e-03 6.18125259435602157e-17 2.50900309536256104e-15
9.23962311160114215e-03 6.19613086484395805e-17 2.53054562625259522e-15
9.29866937307992011e-03 6.21113666646092316e-17 2.55220011608394134e-15
9.35771563455869634e-03 6.22627066028261315e-17 2.57396656485659862e-15
9.41676189603747431e-03 6.24153350738471807e-17 2.59584497257056783e-15
9.47580815751625227e-03 6.25692586578344685e-17 2.61783378477454897e-15
9.53485441899502850e-03 6.27244838125706897e-17 2.63993144701724121e-15
9.59390068047380647e-03 6.28810169652436661e-17 2.66213795929864534e-15
9.65294694195258443e-03 6.30388645430412811e-17 2.68445332161876058e-15
9.71199320343136066e-03 6.31980329731513687e-17 2.70687753397758772e-15
9.77103946491013862e-03 6.33585286827617629e-17 2.72941059637512596e-15
9.83008572638891659e-03 6.35203580990603349e-17 2.75205250881137610e-15
9.88913198786769282e-03 6.36835276492349186e-17 2.77480327128633774e-15
9.94817824934647078e-03 6.38480437203535342e-17 2.79766084540688975e-15
1.00072245108252487e-02 6.40139125390048719e-17 2.82062319277991061e-15
1.00662707723040250e-02 6.41811402916577958e-17 2.84369031340540072e-15
1.01253170337828012e-02 6.43497331647811699e-17 2.86686220728335967e-15
1.01843632952615809e-02 6.45196973448438458e-17 2.89013887441378826e-15
1.02434095567403571e-02 6.46910390183146876e-17 2.91352031479668530e-15
1.03024558182191334e-02 6.48637643716625593e-17 2.93700652843205238e-15
1.03615020796979113e-02 6.50378795913563248e-17 2.96059751531988752e-15
1.04205483411766893e-02 6.52133908137085664e-17 2.98429072713876688e-15
1.04795946026554655e-02 6.53903039744066904e-17 3.00808361556726505e-15
1.05386408641342435e-02 6.55686249589819072e-17 3.03197618060538084e-15
1.05976871256130215e-02 6.57483596529653168e-17 3.05596842225311506e-15
1.06567333870917977e-02 6.59295139418881050e-17 3.08006034051046769e-15
1.07157796485705756e-02 6.61120937112814087e-17 3.10425193537743913e-15
1.07748259100493536e-02 6.62961048466764139e-17 3.12854320685402859e-15
1.08338721715281298e-02 6.64815532336042448e-17 3.15293415494023686e-15
1.08929184330069078e-02 6.66684446969390813e-17 3.17742169779869504e-15
1.09519646944856858e-02 6.68567848189270892e-17 3.20200275359203579e-15
1.10110109559644620e-02 6.70465791211575394e-17 3.22667732232025873e-15
1.10700572174432400e-02 6.72378331252195668e-17 3.25144540398336463e-15
1.11291034789220179e-02 6.74305523527024051e-17 3.27630699858135232e-15
1.11881497404007942e-02 6.76247423251952755e-17 3.30126210611422337e-15
1.12471960018795721e-02 6.78204085642873379e-17 3.32631072658197582e-15
1.13062422633583501e-02 6.80175565915678382e-17 3.35145285998461163e-15
1.13652885248371263e-02 6.82161918570657009e-17 3.37668487051530661e-15
1.14243347863159043e-02 6.84163195245687992e-17 3.40200312236723776e-15
1.14833810477946822e-02 6.86179446863047343e-17 3.42740761554040546e-15
1.15424273092734585e-02 6.88210724345010947e-17 3.45289835003480934e-15
1.16014735707522347e-02 6.90257078613855187e-17 3.47847532585044937e-15
1.16605198322310144e-02 6.92318560591855949e-17 3.50413854298732636e-15
1.17195660937097906e-02 6.94395221201288998e-17 3.52988800144543952e-15
1.17786123551885669e-02 6.96487111364430961e-17 3.55572370122478884e-15
1.18376586166673466e-02 6.98594281175595572e-17 3.58164143564934385e-15
1.18967048781461228e-02 7.00716777417250920e-17 3.60763699804307525e-15
1.19557511396248990e-02 7.02854646043903431e-17 3.63371038840598147e-15
1.20147974011036770e-02 7.05007933010059164e-17 3.65986160673806408e-15
1.20738436625824549e-02 7.07176684270224053e-17 3.68609065303932151e-15
1.21328899240612312e-02 7.09360945778904771e-17 3.71239752730975533e-15
1.21919361855400091e-02 7.11560763490606762e-17 3.73878222954936318e-15
1.22509824470187871e-02 7.13776183359836822e-17 3.76524475975814901e-15
1.23100287084975633e-02 7.16007250398252114e-17 3.79178032754496093e-15
1.23690749699763413e-02 7.18254005846113846e-17 3.81838414251865338e-15
1.24281212314551193e-02 7.20516490000834331e-17 3.84505620467922559e-15
1.24871674929338955e-02 7.22794743159826252e-17 3.87179651402667754e-15
1.25462137544126735e-02 7.25088805620501923e-17 3.89860507056101082e-15
1.26052600158914514e-02 7.27398717680273779e-17 3.92548187428222147e-15
1.26643062773702277e-02 7.29724519636554133e-17 3.95242692519031425e-15
1.27233525388490056e-02 7.32066251786755545e-17 3.97944022328528598e-15
1.27823988003277836e-02 7.34423953368915090e-17 4.00651638613409654e-15
1.28414450618065598e-02 7.36797659383569632e-17 4.03365003130370267e-15
1.29004913232853378e-02 7.39187403771880301e-17 4.06084115879410356e-15
1.29595375847641157e-02 7.41593220475008846e-17 4.08808976860530159e-15
1.30185838462428920e-02 7.44015143434116398e-17 4.11539586073729438e-15
1.30776301077216682e-02 7.46453206590364707e-17 4.14275943519008352e-15
1.31366763692004479e-02 7.48907443884915027e-17 4.17018049196366822e-15
1.31957226306792241e-02 7.51377889258928859e-17 4.19765903105805006e-15
1.32547688921580004e-02 7.53864575477005702e-17 4.22518907464245876e-15
1.33138151536367801e-02 7.56367530597497896e-17 4.25276464488612877e-15
1.33728614151155563e-02 7.58886781502195409e-17 4.28038574178906011e-15
1.34319076765943325e-02 7.61422355072888825e-17 4.30805236535125198e-15
1.34909539380731105e-02 7.63974278191368112e-17 4.33576451557270518e-15
1.35500001995518884e-02 7.66542577739423729e-17 4.36352219245341811e-15
1.36090464610306647e-02 7.69127280598845891e-17 4.39132539599339316e-15
1.36680927225094426e-02 7.71728413651424813e-17 4.41917412619262874e-15
1.37271389839882206e-02 7.74346002485603392e-17 4.44706181186028212e-15
1.37861852454669968e-02 7.76980067516434407e-17 4.47498188180551057e-15
1.38452315069457748e-02 7.79630627865622825e-17 4.50293433602831332e-15
1.39042777684245528e-02 7.82297702654873986e-17 4.53091917452869034e-15
1.39633240299033290e-02 7.84981311005893105e-17 4.55893639730664244e-15
1.40223702913821070e-02 7.87681472040385397e-17 4.58698600436216883e-15
1.40814165528608849e-02 7.90398204880056078e-17 4.61506799569527028e-15
1.41404628143396612e-02 7.93131528646610241e-17 4.64318237130594524e-15
1.41995090758184391e-02 7.95881461053159123e-17 4.67132197446169629e-15
1.42585553372972171e-02 7.98648014178435962e-17 4.69947964843002131e-15
1.43176015987759933e-02 8.01431198692580017e-17 4.72765539321092266e-15
1.43766478602547713e-02 8.04231025265730673e-17 4.75584920880439798e-15
1.44356941217335475e-02 8.07047504568026942e-17 4.78406109521044963e-15
1.44947403832123255e-02 8.09880647269608577e-17 4.81229105242907604e-15
1.45537866446911034e-02 8.12730464040614346e-17 4.84053908046027641e-15
1.46128329061698797e-02 8.15596965551183632e-17 4.86880517930405390e-15
1.46718791676486576e-02 8.18480160950358689e-17 4.89708162062852019e-15
1.47309254291274356e-02 8.21380053302793631e-17 4.92536067610179404e-15
1.47899716906062118e-02 8.24296644152045565e-17 4.95364234572387231e-15
1.48490179520849898e-02 8.27229935041671721e-17 4.98192662949475894e-15
1.49080642135637677e-02 8.30179927515229207e-17 5.01021352741444919e-15
1.49671104750425440e-02 8.33146623116275007e-17 5.03850303948294701e-15
1.50261567365213219e-02 8.36130023388366845e-17 5.06679516570024924e-15
1.50852029980000982e-02 8.39130129875060965e-17 5.09508990606635904e-15
1.51442492594788761e-02 8.42146942490322226e-17 5.12337898100727068e-15
1.52032955209576541e-02 8.45180454629742909e-17 5.15165411094898158e-15
1.52623417824364303e-02 8.48230658059321694e-17 5.17991529589149252e-15
1.53213880439152083e-02 8.51297544545058489e-17 5.20816253583480352e-15
1.53804343053939863e-02 8.54381105852952219e-17 5.23639583077891377e-15
1.54394805668727625e-02 8.57481333749002548e-17 5.26461518072382329e-15
1.54985268283515405e-02 8.60598219999208523e-17 5.29282058566953364e-15
1.55575730898303184e-02 8.63731756369569560e-17 5.32101204561604168e-15
1.56166193513090946e-02 8.66881932893310930e-17 5.34918075675042451e-15
1.56756656127878743e-02 8.70048732672561069e-17 5.37731791525975450e-15
1.57347118742666506e-02 8.73232137076674511e-17 5.40542352114403166e-15
1.57937581357454268e-02 8.76432127475006038e-17 5.43349757440325599e-15
1.58528043972242030e-02 8.79648685236909569e-17 5.46154007503742749e-15
1.59118506587029793e-02 8.82881791731740378e-17 5.48955102304654773e-15
1.59708969201817590e-02 8.86131428328852508e-17 5.51753041843061435e-15
1.60299431816605387e-02 8.89397576397600494e-17 5.54547826118962813e-15
1.60889894431393149e-02 8.92680215478038717e-17 5.57338525708435086e-15
1.61480357046180911e-02 8.95979317793019959e-17 5.60124211187554431e-15
1.62070819660968674e-02 8.99294853736097711e-17 5.62904882556320847e-15
1.62661282275756436e-02 9.02626793700824725e-17 5.65680539814734414e-15
1.63251744890544233e-02 9.05975108080753383e-17 5.68451182962795053e-15
1.63842207505332030e-02 9.09339767269437176e-17 5.71216812000502685e-15
1.64432670120119792e-02 9.12720741660428732e-17 5.73977426927857389e-15
1.65023132734907554e-02 9.16118001647281050e-17 5.76733027744859164e-15
1.65613595349695317e-02 9.19531515705733330e-17 5.79482640056038173e-15
1.66204057964483079e-02 9.22961244640270070e-17 5.82225289465924341e-15
1.66794520579270876e-02 9.26407147337562713e-17 5.84960975974517826e-15
1.67384983194058638e-02 9.29869182684281714e-17 5.87689699581818548e-15
1.67975445808846435e-02 9.33347309567098020e-17 5.90411460287826508e-15
1.68565908423634198e-02 9.36841486872682950e-17 5.93126258092541785e-15
1.69156371038421960e-02 9.40351673487707205e-17 5.95834092995964142e-15
1.69746833653209722e-02 9.43877828298841980e-17 5.98534964998093894e-15
1.70337296267997519e-02 9.47419908195802817e-17 6.01227859493616400e-15
1.70927758882785281e-02 9.50977862080485978e-17 6.03911761877217334e-15
1.71518221497573078e-02 9.54551636857832194e-17 6.06586672148896618e-15
1.72108684112360841e-02 9.58141179432781951e-17 6.09252590308654251e-15
1.72699146727148603e-02 9.61746436710276351e-17 6.11909516356490390e-15
1.73289609341936365e-02 9.65367355595256373e-17 6.14557450292404879e-15
1.73880071956724128e-02 9.69003882992662626e-17 6.17196392116397718e-15
1.74470534571511925e-02 9.72655965807435965e-17 6.19826341828468984e-15
1.75060997186299722e-02 9.76323548879136662e-17 6.22446250057936126e-15
1.75651459801087484e-02 9.80006568785802773e-17 6.25055067434117379e-15
1.76241922415875246e-02 9.83704960040092509e-17 6.27652793957012112e-15
1.76832385030663009e-02 9.87418657154662851e-17 6.30239429626620799e-15
1.77422847645450771e-02 9.91147594642172133e-17 6.32814974442943045e-15
1.78013310260238568e-02 9.94891707015277705e-17 6.35379428405979324e-15
1.78603772875026365e-02 9.98650928786637163e-17 6.37932791515729161e-15
1.79194235489814127e-02 1.00242519446890847e-16 6.40475063772192874e-15
1.79784698104601889e-02 1.00621443645296940e-16 6.43005167149648740e-15
1.80375160719389652e-02 1.01001857864257953e-16 6.45522023622374647e-15
1.80965623334177414e-02 1.01383754281971911e-16 6.48025633190371146e-15
1.81556085948965211e-02 1.01767125076636802e-16 6.50515995853637843e-15
1.82146548563752973e-02 1.02151962426450613e-16 6.52993111612174895e-15
1.82737011178540770e-02 1.02538258509611320e-16 6.55456980465982382e-15
1.83327473793328533e-02 1.02926005504316972e-16 6.57907602415060066e-15
1.83917936408116295e-02 1.03315195588765496e-16 6.60344977459408264e-15
1.84508399022904057e-02 1.03705820724665563e-16 6.62768005668096994e-15
1.85098861637691854e-02 1.04097872007768341e-16 6.65175587110196669e-15
1.85689324252479616e-02 1.04491340317335671e-16 6.67567721785707133e-15
1.86279786867267413e-02 1.04886216532629306e-16 6.69944409694628621e-15
1.86870249482055176e-02 1.05282491532911087e-16 6.72305650836960976e-15
1.87460712096842938e-02 1.05680156197442815e-16 6.74651445212704198e-15
1.88051174711630700e-02 1.06079201405486295e-16 6.76981792821858366e-15
1.88641637326418497e-02 1.06479618036303390e-16 6.79296693664423400e-15
1.89232099941206260e-02 1.06881396749802344e-16 6.81595033257647473e-15
1.89822562555994057e-02 1.07284527328477715e-16 6.83875697118778675e-15
1.90413025170781819e-02 1.07688999335470477e-16 6.86138685247817087e-15
1.91003487785569581e-02 1.08094802333921651e-16 6.88383997644762628e-15
1.91593950400357343e-02 1.08501925886972262e-16 6.90611634309615299e-15
1.92184413015145106e-02 1.08910359557763283e-16 6.92821595242375180e-15
1.92774875629932903e-02 1.09320092909435761e-16 6.95013880443042190e-15
1.93365338244720700e-02 1.09731115505130694e-16 6.97188489911616409e-15
1.93955800859508462e-02 1.10143416687328612e-16 6.99344302524804207e-15
1.94546263474296224e-02 1.10556984915868222e-16 7.01480197159312664e-15
1.95136726089083987e-02 1.10971808429927738e-16 7.03596173815141228e-15
1.95727188703871749e-02 1.11387875468685421e-16 7.05692232492290292e-15
1.96317651318659546e-02 1.11805174271319437e-16 7.07768373190759542e-15
1.96908113933447308e-02 1.12223693077008121e-16 7.09824595910549293e-15
1.97498576548235105e-02 1.12643420124929577e-16 7.11860900651659387e-15
1.98089039163022868e-02 1.13064343654262104e-16 7.13877287414089824e-15
1.98679501777810630e-02 1.13486451683872457e-16 7.15872636847939185e-15
1.99269964392598392e-02 1.13909731351381825e-16 7.17845829603306839e-15
1.99860427007386189e-02 1.14334169574099830e-16 7.19796865680192154e-15
2.00450889622173951e-02 1.14759753269336189e-16 7.21725745078595447e-15
2.01041352236961748e-02 1.15186469354400597e-16 7.23632467798516559e-15
2.01631814851749511e-02 1.15614304746602700e-16 7.25517033839955806e-15
2.02222277466537273e-02 1.16043246363252239e-16 7.27379443202912873e-15
2.02812740081325035e-02 1.16473281121658886e-16 7.29219695887387917e-15
2.03403202696112832e-02 1.16904395720912158e-16 7.31036683168832433e-15
2.03993665310900595e-02 1.17336575987221138e-16 7.32829296322698075e-15
2.04584127925688392e-02 1.17769807528574710e-16 7.34597535348985000e-15
2.05174590540476154e-02 1.18204075952961732e-16 7.36341400247693207e-15
2.05765053155263916e-02 1.18639366868371134e-16 7.38060891018822383e-15
2.06355515770051678e-02 1.19075665882791826e-16 7.39756007662372841e-15
2.06945978384839441e-02 1.19512958604212690e-16 7.41426750178344424e-15
2.07536440999627238e-02 1.19951230640622608e-16 7.43073118566737449e-15
2.08126903614415035e-02 1.20390467385695642e-16 7.44694023944751755e-15
2.08717366229202797e-02 1.20830653375846343e-16 7.46288377429588287e-15
2.09307828843990559e-02 1.21271772933174466e-16 7.47856179021246731e-15
2.09898291458778322e-02 1.21713810379779766e-16 7.49397428719727402e-15
2.10488754073566084e-02 1.22156750037761875e-16 7.50912126525029984e-15
2.11079216688353881e-02 1.22600576229220620e-16 7.52400272437154793e-15
2.11669679303141643e-02 1.23045273276255683e-16 7.53861866456101514e-15
2.12260141917929440e-02 1.23490825500966769e-16 7.55296908581870461e-15
2.12850604532717202e-02 1.23937217016913618e-16 7.56704339272236704e-15
2.13441067147504965e-02 1.24384431103495861e-16 7.58083098984975788e-15
2.14031529762292762e-02 1.24832450831572992e-16 7.59433187720088026e-15
2.14621992377080524e-02 1.25281259272004700e-16 7.60754605477573104e-15
2.15212454991868286e-02 1.25730839495650453e-16 7.62047352257431337e-15
2.15802917606656049e-02 1.26181174573369943e-16 7.63311428059662252e-15
2.16393380221443846e-02 1.26632247576022662e-16 7.64546832884266007e-15
2.16983842836231608e-02 1.27084041574468226e-16 7.65753566731242916e-15
2.17574305451019370e-02 1.27536539438708534e-16 7.66930609090496140e-15
2.18164768065807167e-02 1.27989723235314763e-16 7.68076939451929467e-15
2.18755230680594930e-02 1.28443574830000322e-16 7.69192557815542582e-15
2.19345693295382692e-02 1.28898076088478694e-16 7.70277464181335800e-15
2.19936155910170489e-02 1.29353208876463362e-16 7.71331658549308964e-15
2.20526618524958251e-02 1.29808955059667737e-16 7.72355140919462231e-15
2.21117081139746013e-02 1.30265296503805350e-16 7.73347911291795286e-15
2.21707543754533810e-02 1.30722215074589587e-16 7.74309969666308444e-15
2.22298006369321573e-02 1.31179692446485057e-16 7.75240344352786296e-15
2.22888468984109335e-02 1.31637709528960626e-16 7.76138063661013275e-15
2.23478931598897132e-02 1.32096247040236262e-16 7.77003127590989853e-15
2.24069394213684894e-02 1.32555285698531933e-16 7.77835536142715557e-15
2.24659856828472657e-02 1.33014806222067607e-16 7.78635289316190703e-15
2.25250319443260454e-02 1.33474789329063277e-16 7.79402387111415290e-15
2.25840782058048216e-02 1.33935215737738885e-16 7.80136829528389162e-15
2.26431244672835978e-02 1.34396066166314424e-16 7.80838616567112160e-15
2.27021707287623775e-02 1.34857321153294898e-16 7.81506835138890293e-15
2.27612169902411537e-02 1.35318960518325828e-16 7.82140572155029095e-15
2.28202632517199300e-02 1.35780963901337624e-16 7.82739827615528567e-15
2.28793095131987097e-02 1.36243310942260792e-16 7.83304601520389025e-15
2.29383557746774859e-02 1.36705981281025841e-16 7.83834893869609995e-15
2.29974020361562621e-02 1.37168954557563229e-16 7.84330704663191634e-15
2.30564482976350384e-02 1.37632210411803538e-16 7.84792033901134101e-15
2.31154945591138181e-02 1.38095728483677152e-16 7.85218881583436922e-15
2.31745408205925943e-02 1.38559488246836728e-16 7.85610402891497553e-15
2.32335870820713705e-02 1.39023468509823044e-16 7.85965753006712186e-15
2.32926333435501502e-02 1.39487647914899006e-16 7.86284931929081452e-15
2.33516796050289265e-02 1.39952005104327491e-16 7.86567939658604721e-15
2.34107258665077027e-02 1.40416518720371403e-16 7.86814776195281992e-15
2.34697721279864824e-02 1.40881167405293645e-16 7.87025441539113739e-15
2.35288183894652586e-02 1.41345929801357071e-16 7.87199935690099803e-15
2.35878646509440348e-02 1.41810784550824610e-16 7.87338258648240186e-15
2.36469109124228145e-02 1.42275710144977227e-16 7.87439643310228798e-15
2.37059571739015908e-02 1.42740684471168039e-16 7.87503322572760655e-15
2.37650034353803670e-02 1.43205685265768375e-16 7.87529296435835442e-15
2.38240496968591467e-02 1.43670690265149413e-16 7.87517564899452844e-15
2.38830959583379229e-02 1.44135677205682431e-16 7.87468127963613491e-15
2.39421422198166992e-02 1.44600623823738708e-16 7.87380985628316911e-15
2.40011884812954789e-02 1.45065507855689399e-16 7.87256137893563102e-15
2.40602347427742551e-02 1.45530307037905806e-16 7.87093584759352382e-15
2.41192810042530313e-02 1.45994998972866216e-16 7.86892645947283867e-15
2.41783272657318110e-02 1.46459560727476875e-16 7.86652641178957150e-15
2.42373735272105872e-02 1.46923969234751111e-16 7.86373570454372073e-15
2.42964197886893635e-02 1.47388201427702277e-16 7.86055433773528793e-15
2.43554660501681432e-02 1.47852234239343651e-16 7.85698231136427153e-15
2.44145123116469194e-02 1.48316044602688587e-16 7.85301962543067311e-15
2.44735585731256956e-02 1.48779609450750413e-16 7.84866627993449109e-15
2.45326048346044719e-02 1.49242905716542407e-16 7.84392227487572547e-15
2.45916510960832516e-02 1.49705910217978556e-16 7.83878176233249882e-15
2.46506973575620278e-02 1.50168599312575699e-16 7.83323889438293689e-15
2.47097436190408040e-02 1.50630949242751336e-16 7.82729367102703493e-15
2.47687898805195837e-02 1.51092936250922839e-16 7.82094609226479769e-15
2.48278361419983599e-02 1.51554536579507707e-16 7.81419615809622043e-15
2.48868824034771362e-02 1.52015726470923463e-16 7.80704386852130631e-15
2.49459286649559159e-02 1.52476482167587531e-16 7.79948922354005531e-15
2.50049749264346921e-02 1.52936779911917408e-16 7.79153222315246430e-15
2.50640211879134683e-02 1.53396595851619410e-16 7.78316805531303516e-15
2.51230674493922480e-02 1.53855905755555565e-16 7.77439190797626506e-15
2.51821137108710243e-02 1.54314685297876768e-16 7.76520378114215557e-15
2.52411599723498005e-02 1.54772910152733842e-16 7.75560367481070195e-15
2.53002062338285802e-02 1.55230555994277656e-16 7.74559158898191053e-15
2.53592524953073564e-02 1.55687598496659130e-16 7.73516752365577340e-15
2.54182987567861327e-02 1.56144013334029135e-16 7.72433147883230004e-15
2.54773450182649124e-02 1.56599776180538541e-16 7.71308345451148256e-15
2.55363912797436886e-02 1.57054862637478212e-16 7.70141974885063880e-15
2.55954375412224648e-02 1.57509248014699059e-16 7.68933666000708499e-15
2.56544838027012445e-02 1.57962907549192085e-16 7.67683418798081958e-15
2.57135300641800207e-02 1.58415816477948219e-16 7.66391233277184255e-15
2.57725763256587970e-02 1.58867950037958291e-16 7.65057109438015391e-15
2.58316225871375767e-02 1.59319283466213328e-16 7.63681047280575209e-15
2.58906688486163529e-02 1.59769791999704235e-16 7.62263046804864023e-15
2.59497151100951291e-02 1.60219450875421965e-16 7.60803108010881675e-15
2.60087613715739088e-02 1.60668235280659235e-16 7.59300978393948452e-15
2.60678076330526851e-02 1.61116120203916034e-16 7.57756405449385429e-15
2.61268538945314613e-02 1.61563080583994141e-16 7.56169389177192290e-15
2.61859001560102375e-02 1.62009091359695359e-16 7.54539929577369035e-15
2.62449464174890172e-02 1.62454127469821488e-16 7.52868026649915664e-15
2.63039926789677934e-02 1.62898163853174260e-16 7.51153680394832176e-15
2.63630389404465697e-02 1.63341175448555548e-16 7.49396890812118731e-15
2.64220852019253494e-02 1.63783137194767034e-16 7.47597657901775169e-15
2.64811314634041256e-02 1.64224024005213290e-16 7.45755852626050734e-15
2.65401777248829018e-02 1.64663810691709383e-16 7.43871345947194509e-15
2.65992239863616815e-02 1.65102472040673249e-16 7.41944137865206180e-15
2.66582702478404578e-02 1.65539982838522724e-16 7.39974228380086378e-15
2.67173165093192340e-02 1.65976317871675621e-16 7.37961617491834628e-15
2.67763627707980137e-02 1.66411451926549803e-16 7.35906305200451090e-15
2.68354090322767899e-02 1.66845359789563156e-16 7.33808291505935762e-15
2.68944552937555661e-02 1.67278016247133517e-16 7.31667576408288646e-15
2.69535015552343458e-02 1.67709396085531773e-16 7.29484159160953552e-15
2.70125478167131221e-02 1.68139474090441111e-16 7.27258039017374451e-15
2.70715940781918983e-02 1.68568225047397766e-16 7.24989215977551184e-15
2.71306403396706780e-02 1.68995623741937949e-16 7.22677690041483910e-15
2.71896866011494542e-02 1.69421644959597897e-16 7.20323461209172470e-15
2.72487328626282305e-02 1.69846263485913795e-16 7.17926529480617023e-15
2.73077791241070102e-02 1.70269454106421880e-16 7.15486894855817569e-15
2.73668253855857864e-02 1.70691191606658413e-16 7.13004557334773948e-15
2.74258716470645626e-02 1.71111450798006903e-16 7.10479648241228344e-15
2.74849179085433423e-02 1.71530206595239710e-16 7.07912298898922779e-15
2.75439641700221186e-02 1.71947433938976666e-16 7.05302509307857094e-15
2.76030104315008948e-02 1.72363107769837551e-16 7.02650279468031370e-15
2.76620566929796710e-02 1.72777203028442049e-16 6.99955609379445685e-15
2.77211029544584507e-02 1.73189694655409918e-16 6.97218499042100039e-15
2.77801492159372269e-02 1.73600557591360889e-16 6.94438948455994352e-15
2.78391954774160032e-02 1.74009766776914745e-16 6.91616957621128626e-15
2.78982417388947829e-02 1.74417297205056667e-16 6.88752792593865109e-15
2.79572880003735591e-02 1.74823124078233588e-16 6.85846719430565973e-15
2.80163342618523353e-02 1.75227222651258011e-16 6.82898738131231374e-15
2.80753805233311150e-02 1.75629568178942220e-16 6.79908848695860997e-15
2.81344267848098913e-02 1.76030135916098744e-16 6.76877051124455079e-15
2.81934730462886675e-02 1.76428901117539915e-16 6.73803345417013620e-15
2.82525193077674472e-02 1.76825839038078238e-16 6.70687731573536541e-15
2.83115655692462234e-02 1.77220924932526044e-16 6.67530209594023842e-15
2.83706118307249996e-02 1.77614134134871861e-16 6.64331181753102781e-15
2.84296580922037793e-02 1.78005442295808275e-16 6.61091050325400458e-15
2.84887043536825556e-02 1.78394825145203945e-16 6.57809815310916951e-15
2.85477506151613318e-02 1.78782258412927555e-16 6.54487476709652182e-15
2.86067968766401115e-02 1.79167717828847813e-16 6.51124034521606310e-15
2.86658431381188877e-02 1.79551179122833353e-16 6.47719488746779175e-15
2.87248893995976640e-02 1.79932618024752857e-16 6.44273839385170856e-15
2.87839356610764437e-02 1.80312010264475058e-16 6.40787086436781276e-15
2.88429819225552199e-02 1.80689331677906757e-16 6.37259768656531448e-15
2.89020281840339961e-02 1.81064558525107683e-16 6.33692424799342388e-15
2.89610744455127758e-02 1.81437667172175807e-16 6.30085054865213936e-15
2.90201207069915521e-02 1.81808633985209148e-16 6.26437658854146330e-15
2.90791669684703283e-02 1.82177435330305579e-16 6.22750236766139413e-15
2.91382132299491045e-02 1.82544047573563094e-16 6.19022788601193262e-15
2.91972594914278842e-02 1.82908447081079564e-16 6.15255314359307721e-15
2.92563057529066604e-02 1.83270610218953084e-16 6.11447814040483025e-15
2.93153520143854367e-02 1.83630513485986097e-16 6.07600961885261283e-15
2.93743982758642164e-02 1.83988133911799635e-16 6.03715432134184679e-15
2.94334445373429926e-02 1.84343448658719301e-16 5.99791224787253292e-15
2.94924907988217688e-02 1.84696434889070749e-16 5.95828339844467123e-15
2.95515370603005485e-02 1.85047069765179606e-16 5.91826777305826092e-15
2.96105833217793248e-02 1.85395330449371477e-16 5.87786537171330279e-15
2.96696295832581010e-02 1.85741194103971965e-16 5.83707619440979840e-15
2.97286758447368807e-02 1.86084637891306698e-16 5.79590024114774383e-15
2.97877221062156569e-02 1.86425639132625544e-16 5.75434558649174240e-15
2.98467683676944331e-02 1.86764175784875619e-16 5.71242030500638956e-15
2.99058146291732128e-02 1.87100225963928178e-16 5.67012439669168847e-15
2.99648608906519891e-02 1.87433767785654578e-16 5.62745786154763754e-15
3.00239071521307653e-02 1.87764779365926098e-16 5.58442069957423679e-15
3.00829534136095450e-02 1.88093238820614119e-16 5.54101291077148699e-15
3.01419996750883212e-02 1.88419124265589945e-16 5.49723449513938735e-15
3.02010459365670975e-02 1.88742413816724858e-16 5.45308545267793868e-15
3.02600921980458772e-02 1.89063085774335926e-16 5.40857515463290605e-15
3.03191384595246534e-02 1.89381119176522772e-16 5.36371297225005534e-15
3.03781847210034296e-02 1.89696493245830881e-16 5.31849890552938655e-15
3.04372309824822093e-02 1.90009187204805541e-16 5.27293295447089968e-15
3.04962772439609855e-02 1.90319180275992211e-16 5.22701511907459395e-15
3.05553235054397618e-02 1.90626451681936106e-16 5.18074539934047093e-15
3.06143697669185380e-02 1.90930980645182833e-16 5.13412379526852983e-15
3.06734160283973177e-02 1.91232746388277630e-16 5.08715030685876986e-15
3.07324622898760939e-02 1.91531728342785600e-16 5.03983555390548259e-15
3.07915085513548702e-02 1.91827906776350735e-16 4.99219015620295563e-15
3.08505548128336499e-02 1.92121262165636694e-16 4.94421411375119136e-15
3.09096010743124261e-02 1.92411774987307160e-16 4.89590742655018739e-15
3.09686473357912023e-02 1.92699425718025865e-16 4.84727009459994611e-15
3.10276935972699820e-02 1.92984194834456396e-16 4.79830211790046593e-15
3.10867398587487583e-02 1.93266062813262510e-16 4.74900349645174765e-15
3.11457861202275345e-02 1.93545010131107914e-16 4.69937423025379125e-15
3.12048323817063142e-02 1.93821017497059078e-16 4.64942612714640632e-15
3.12638786431850904e-02 1.94094066549794480e-16 4.59917099496940478e-15
3.13229249046638666e-02 1.94364139160395307e-16 4.54860883372278507e-15
3.13819711661426498e-02 1.94631217199942947e-16 4.49773964340654875e-15
3.14410174276214260e-02 1.94895282539518488e-16 4.44656342402069426e-15
3.15000636891002023e-02 1.95156317050203367e-16 4.39508017556522395e-15
3.15591099505789785e-02 1.95414302603078821e-16 4.34328989804013546e-15
3.16181562120577547e-02 1.95669221069226064e-16 4.29119259144542959e-15
3.16772024735365310e-02 1.95921054574086990e-16 4.23880117923462738e-15
3.17362487350153072e-02 1.96169786260545546e-16 4.18612858486124913e-15
3.17952949964940834e-02 1.96415399525846164e-16 4.13317480832529562e-15
3.18543412579728596e-02 1.96657877767233448e-16 4.07993984962676527e-15
3.19133875194516428e-02 1.96897204381951852e-16 4.02642370876565887e-15
3.19724337809304190e-02 1.97133362767245881e-16 3.97262638574197642e-15
3.20314800424091953e-02 1.97366336320360042e-16 3.91854788055571871e-15
3.20905263038879784e-02 1.97596108438538863e-16 3.86418819320688496e-15
3.21495725653667547e-02 1.97822662793696284e-16 3.80956127899720720e-15
3.22086188268455309e-02 1.98045984156424113e-16 3.75468109322841750e-15
3.22676650883243071e-02 1.98266057571983715e-16 3.69954763590051585e-15
3.23267113498030834e-02 1.98482868085636358e-16 3.64416090701350383e-15
3.23857576112818596e-02 1.98696400742643356e-16 3.58852090656737907e-15
3.24448038727606358e-02 1.98906640588265953e-16 3.53262763456214316e-15
3.25038501342394121e-02 1.99113572667765464e-16 3.47648109099779490e-15
3.25628963957181883e-02 1.99317182026403206e-16 3.42008127587433588e-15
3.26219426571969645e-02 1.99517454002561708e-16 3.36344308198546145e-15
3.26809889186757477e-02 1.99714375107108646e-16 3.30658140212486738e-15
3.27400351801545239e-02 1.99907932144032784e-16 3.24949623629255523e-15
3.27990814416333001e-02 2.00098111917323085e-16 3.19218758448852423e-15
3.28581277031120833e-02 2.00284901230968437e-16 3.13465544671277516e-15
3.29171739645908595e-02 2.00468286888957705e-16 3.07689982296530645e-15
3.29762202260696358e-02 2.00648255695279726e-16 3.01892071324611887e-15
3.30352664875484120e-02 2.00824794453923366e-16 2.96071811755521283e-15
3.30943127490271882e-02 2.00997890278402422e-16 2.90230776211387234e-15
3.31533590105059645e-02 2.01167531520330034e-16 2.84370537314338022e-15
3.32124052719847407e-02 2.01333706840844229e-16 2.78491095064373727e-15
3.32714515334635169e-02 2.01496404901083032e-16 2.72592449461494310e-15
3.33304977949422931e-02 2.01655614362184420e-16 2.66674600505699848e-15
3.33895440564210763e-02 2.01811323885286517e-16 2.60737548196990263e-15
3.34485903178998525e-02 2.01963522131527300e-16 2.54781292535365595e-15
3.35076365793786288e-02 2.02112197762044770e-16 2.48805833520825844e-15
3.35666828408574119e-02 2.02257339761686025e-16 2.42812815842176800e-15
3.36257291023361882e-02 2.02398938410134577e-16 2.36803884188224217e-15
3.36847753638149644e-02 2.02536984310782861e-16 2.30779038558968132e-15
3.37438216252937406e-02 2.02671468067023560e-16 2.24738278954408586e-15
3.38028678867725169e-02 2.02802380282249035e-16 2.18681605374545540e-15
3.38619141482512931e-02 2.02929711559851946e-16 2.12609017819378992e-15
3.39209604097300693e-02 2.03053452503224751e-16 2.06520516288908944e-15
3.39800066712088455e-02 2.03173593715760010e-16 2.00416100783135395e-15
3.40390529326876218e-02 2.03290126136375185e-16 1.94297476024640783e-15
3.40980991941663980e-02 2.03403042046087839e-16 1.88166346736007507e-15
3.41571454556451812e-02 2.03512334061440315e-16 1.82022712917235566e-15
3.42161917171239574e-02 2.03617994798975004e-16 1.75866574568325000e-15
3.42752379786027336e-02 2.03720016875234520e-16 1.69697931689275769e-15
3.43342842400815168e-02 2.03818392906761182e-16 1.63516784280087914e-15
3.43933305015602930e-02 2.03913115510097430e-16 1.57323132340761355e-15
3.44523767630390693e-02 2.04004177301785705e-16 1.51116975871296170e-15
3.45114230245178455e-02 2.04091571243216306e-16 1.44900066961385313e-15
3.45704692859966217e-02 2.04175291675170717e-16 1.38674157700721697e-15
3.46295155474753980e-02 2.04255333283278351e-16 1.32439248089305341e-15
3.46885618089541742e-02 2.04331690753168500e-16 1.26195338127136285e-15
3.47476080704329504e-02 2.04404358770470603e-16 1.19942427814214450e-15
3.48066543319117266e-02 2.04473332020814000e-16 1.13680517150539915e-15
3.48657005933905098e-02 2.04538605189828009e-16 1.07409606136112640e-15
3.49247468548692860e-02 2.04600172963142017e-16 1.01129694770932626e-15
3.49837931163480623e-02 2.04658030377964156e-16 9.48425693429989992e-16
3.50428393778268454e-02 2.04712173877817560e-16 8.85500161403109089e-16
3.51018856393056217e-02 2.04762600257804229e-16 8.22520351628683249e-16
3.51609319007843979e-02 2.04809306313025988e-16 7.59486264106712768e-16
3.52199781622631741e-02 2.04852288838584788e-16 6.96397898837197548e-16
3.52790244237419504e-02 2.04891544629582676e-16 6.33255255820137589e-16
3.53380706852207266e-02 2.04927070481121404e-16 5.70058335055532694e-16
3.53971169466995028e-02 2.04958863188302995e-16 5.06807136543383157e-16
3.54561632081782790e-02 2.04986919901875580e-16 4.43519729822211663e-16
3.55152094696570553e-02 2.05011239195172255e-16 3.80214184430541187e-16
3.55742557311358315e-02 2.05031819997172346e-16 3.16890500368371682e-16
3.56333019926146147e-02 2.05048661236855130e-16 2.53548677635703097e-16
3.56923482540933909e-02 2.05061761843200032e-16 1.90188716232535507e-16
3.57513945155721671e-02 2.05071120745186206e-16 1.26810616158868886e-16
3.58104407770509503e-02 2.05076736871793076e-16 6.34143774147032483e-17
3.58694870385297265e-02 2.05078609152000017e-16 3.85601032201655171e-29
3.59285333000085028e-02 2.05076736871793076e-16 -6.34143774146279244e-17
3.59875795614872790e-02 2.05071120745186230e-16 -1.26810616158798998e-16
3.60466258229660552e-02 2.05061761843200032e-16 -1.90188716232474641e-16
3.61056720844448314e-02 2.05048661236855130e-16 -2.53548677635654878e-16
3.61647183459236077e-02 2.05031819997172346e-16 -3.16890500368339733e-16
3.62237646074023839e-02 2.05011239195172255e-16 -3.80214184430529108e-16
3.62828108688811601e-02 2.04986919901875605e-16 -4.43519729822223150e-16
3.63418571303599433e-02 2.04958863188302995e-16 -5.06807136543421713e-16
3.64009033918387195e-02 2.04927070481121428e-16 -5.70058335055596000e-16
3.64599496533174958e-02 2.04891544629582626e-16 -6.33255255820217067e-16
3.65189959147962789e-02 2.04852288838584837e-16 -6.96397898837284915e-16
3.65780421762750552e-02 2.04809306313025988e-16 -7.59486264106799543e-16
3.66370884377538314e-02 2.04762600257804204e-16 -8.22520351628761050e-16
3.66961346992326076e-02 2.04712173877817536e-16 -8.85500161403169338e-16
3.67551809607113839e-02 2.04658030377964156e-16 -9.48425693430024505e-16
3.68142272221901601e-02 2.04600172963142017e-16 -1.01129694770932626e-15
3.68732734836689363e-02 2.04538605189828009e-16 -1.07409606136109268e-15
3.69323197451477125e-02 2.04473332020813976e-16 -1.13680517150534137e-15
3.69913660066264888e-02 2.04404358770470603e-16 -1.19942427814207232e-15
3.70504122681052650e-02 2.04331690753168524e-16 -1.26195338127128574e-15
3.71094585295840412e-02 2.04255333283278301e-16 -1.32439248089298123e-15
3.71685047910628313e-02 2.04175291675170717e-16 -1.38674157700715899e-15
3.72275510525416076e-02 2.04091571243216306e-16 -1.44900066961381921e-15
3.72865973140203838e-02 2.04004177301785705e-16 -1.51116975871296170e-15
3.73456435754991600e-02 2.03913115510097430e-16 -1.57323132340764806e-15
3.74046898369779363e-02 2.03818392906761207e-16 -1.63516784280093929e-15
3.74637360984567125e-02 2.03720016875234520e-16 -1.69697931689283540e-15
3.75227823599354887e-02 2.03617994798975029e-16 -1.75866574568333677e-15
3.75818286214142649e-02 2.03512334061440290e-16 -1.82022712917244322e-15
3.76408748828930412e-02 2.03403042046087839e-16 -1.88166346736015435e-15
3.76999211443718174e-02 2.03290126136375185e-16 -1.94297476024647094e-15
3.77589674058505936e-02 2.03173593715759961e-16 -2.00416100783139260e-15
3.78180136673293699e-02 2.03053452503224751e-16 -2.06520516288910009e-15
3.78770599288081461e-02 2.02929711559851896e-16 -2.12609017819377533e-15
3.79361061902869362e-02 2.02802380282249035e-16 -2.18681605374541793e-15
3.79951524517657124e-02 2.02671468067023511e-16 -2.24738278954402828e-15
3.80541987132444887e-02 2.02536984310782910e-16 -2.30779038558960559e-15
3.81132449747232649e-02 2.02398938410134528e-16 -2.36803884188215026e-15
3.81722912362020411e-02 2.02257339761686001e-16 -2.42812815842166309e-15
3.82313374976808173e-02 2.02112197762044770e-16 -2.48805833520814248e-15
3.82903837591595936e-02 2.01963522131527300e-16 -2.54781292535353368e-15
3.83494300206383698e-02 2.01811323885286517e-16 -2.60737548196977996e-15
3.84084762821171460e-02 2.01655614362184469e-16 -2.66674600505688094e-15
3.84675225435959223e-02 2.01496404901083032e-16 -2.72592449461483739e-15
3.85265688050746985e-02 2.01333706840844253e-16 -2.78491095064364892e-15
3.85856150665534747e-02 2.01167531520330083e-16 -2.84370537314331514e-15
3.86446613280322648e-02 2.00997890278402496e-16 -2.90230776211383644e-15
3.87037075895110411e-02 2.00824794453923440e-16 -2.96071811755521283e-15
3.87627538509898173e-02 2.00648255695279751e-16 -3.01892071324615516e-15
3.88218001124685935e-02 2.00468286888957754e-16 -3.07689982296537350e-15
3.88808463739473698e-02 2.00284901230968487e-16 -3.13465544671286864e-15
3.89398926354261460e-02 2.00098111917323134e-16 -3.19218758448864020e-15
3.89989388969049222e-02 1.99907932144032858e-16 -3.24949623629268816e-15
3.90579851583836984e-02 1.99714375107108646e-16 -3.30658140212501213e-15
3.91170314198624747e-02 1.99517454002561733e-16 -3.36344308198561291e-15
3.91760776813412509e-02 1.99317182026403206e-16 -3.42008127587449010e-15
3.92351239428200271e-02 1.99113572667765489e-16 -3.47648109099794715e-15
3.92941702042988034e-02 1.98906640588265953e-16 -3.53262763456228752e-15
3.93532164657775796e-02 1.98696400742643282e-16 -3.58852090656751160e-15
3.94122627272563697e-02 1.98482868085636308e-16 -3.64416090701361900e-15
3.94713089887351459e-02 1.98266057571983691e-16 -3.69954763590060972e-15
3.95303552502139222e-02 1.98045984156424064e-16 -3.75468109322848455e-15
3.95894015116926984e-02 1.97822662793696186e-16 -3.80956127899724270e-15
3.96484477731714746e-02 1.97596108438538789e-16 -3.86418819320688496e-15
3.97074940346502508e-02 1.97366336320359992e-16 -3.91854788055568243e-15
3.97665402961290271e-02 1.97133362767245807e-16 -3.97262638574190937e-15
3.98255865576078033e-02 1.96897204381951778e-16 -4.02642370876556500e-15
3.98846328190865795e-02 1.96657877767233448e-16 -4.07993984962664931e-15
3.99436790805653558e-02 1.96415399525846164e-16 -4.13317480832516230e-15
4.00027253420441320e-02 1.96169786260545497e-16 -4.18612858486110477e-15
4.00617716035229082e-02 1.95921054574086990e-16 -4.23880117923447592e-15
4.01208178650016983e-02 1.95669221069226064e-16 -4.29119259144527576e-15
4.01798641264804746e-02 1.95414302603078821e-16 -4.34328989803998400e-15
4.02389103879592508e-02 1.95156317050203416e-16 -4.39508017556507959e-15
4.02979566494380270e-02 1.94895282539518537e-16 -4.44656342402056252e-15
4.03570029109168033e-02 1.94631217199942947e-16 -4.49773964340643279e-15
4.04160491723955795e-02 1.94364139160395381e-16 -4.54860883372269120e-15
4.04750954338743557e-02 1.94094066549794505e-16 -4.59917099496933694e-15
4.05341416953531319e-02 1.93821017497059128e-16 -4.64942612714637003e-15
4.05931879568319082e-02 1.93545010131107914e-16 -4.69937423025379125e-15
4.06522342183106844e-02 1.93266062813262608e-16 -4.74900349645178236e-15
4.07112804797894606e-02 1.92984194834456470e-16 -4.79830211790052904e-15
4.07703267412682369e-02 1.92699425718025890e-16 -4.84727009460002894e-15
4.08293730027470131e-02 1.92411774987307234e-16 -4.89590742655028442e-15
4.08884192642258032e-02 1.92121262165636743e-16 -4.94421411375129312e-15
4.09474655257045794e-02 1.91827906776350735e-16 -4.99219015620305661e-15
4.10065117871833557e-02 1.91531728342785600e-16 -5.03983555390557410e-15
4.10655580486621319e-02 1.91232746388277630e-16 -5.08715030685884717e-15
4.11246043101409081e-02 1.90930980645182833e-16 -5.13412379526858820e-15
4.11836505716196843e-02 1.90626451681936155e-16 -5.18074539934051353e-15
4.12426968330984606e-02 1.90319180275992162e-16 -5.22701511907462472e-15
4.13017430945772368e-02 1.90009187204805566e-16 -5.27293295447091783e-15
4.13607893560560130e-02 1.89696493245830881e-16 -5.31849890552939681e-15
4.14198356175347893e-02 1.89381119176522772e-16 -5.36371297225006007e-15
4.14788818790135655e-02 1.89063085774335926e-16 -5.40857515463290762e-15
4.15379281404923417e-02 1.88742413816724858e-16 -5.45308545267793868e-15
4.15969744019711318e-02 1.88419124265589921e-16 -5.49723449513938656e-15
4.16560206634499081e-02 1.88093238820614119e-16 -5.54101291077148699e-15
4.17150669249286843e-02 1.87764779365926098e-16 -5.58442069957423679e-15
4.17741131864074605e-02 1.87433767785654578e-16 -5.62745786154763754e-15
4.18331594478862367e-02 1.87100225963928154e-16 -5.67012439669168847e-15
4.18922057093650130e-02 1.86764175784875619e-16 -5.71242030500638956e-15
4.19512519708437892e-02 1.86425639132625519e-16 -5.75434558649174082e-15
4.20102982323225654e-02 1.86084637891306698e-16 -5.79590024114774383e-15
4.20693444938013417e-02 1.85741194103971965e-16 -5.83707619440979840e-15
4.21283907552801179e-02 1.85395330449371477e-16 -5.87786537171330121e-15
4.21874370167588941e-02 1.85047069765179631e-16 -5.91826777305825697e-15
4.22464832782376704e-02 1.84696434889070798e-16 -5.95828339844466097e-15
4.23055295397164466e-02 1.84343448658719301e-16 -5.99791224787251793e-15
4.23645758011952367e-02 1.83988133911799586e-16 -6.03715432134182470e-15
4.24236220626740129e-02 1.83630513485986097e-16 -6.07600961885258285e-15
4.24826683241527892e-02 1.83270610218953059e-16 -6.11447814040479160e-15
4.25417145856315654e-02 1.82908447081079614e-16 -6.15255314359303303e-15
4.26007608471103416e-02 1.82544047573563094e-16 -6.19022788601188450e-15
4.26598071085891178e-02 1.82177435330305554e-16 -6.22750236766134916e-15
4.27188533700678941e-02 1.81808633985209148e-16 -6.26437658854142544e-15
4.27778996315466703e-02 1.81437667172175856e-16 -6.30085054865211254e-15
4.28369458930254465e-02 1.81064558525107707e-16 -6.33692424799341441e-15
4.28959921545042228e-02 1.80689331677906757e-16 -6.37259768656532632e-15
4.29550384159829990e-02 1.80312010264475058e-16 -6.40787086436785063e-15
4.30140846774617752e-02 1.79932618024752906e-16 -6.44273839385177325e-15
4.30731309389405653e-02 1.79551179122833353e-16 -6.47719488746787379e-15
4.31321772004193416e-02 1.79167717828847813e-16 -6.51124034521615697e-15
4.31912234618981178e-02 1.78782258412927555e-16 -6.54487476709661885e-15
4.32502697233768940e-02 1.78394825145203921e-16 -6.57809815310926260e-15
4.33093159848556702e-02 1.78005442295808225e-16 -6.61091050325408662e-15
4.33683622463344465e-02 1.77614134134871811e-16 -6.64331181753109092e-15
4.34274085078132227e-02 1.77220924932526019e-16 -6.67530209594027707e-15
4.34864547692919989e-02 1.76825839038078213e-16 -6.70687731573537645e-15
4.35455010307707752e-02 1.76428901117539890e-16 -6.73803345417012358e-15
4.36045472922495514e-02 1.76030135916098695e-16 -6.76877051124451845e-15
4.36635935537283276e-02 1.75629568178942220e-16 -6.79908848695856185e-15
4.37226398152071039e-02 1.75227222651257962e-16 -6.82898738131225221e-15
4.37816860766858801e-02 1.74823124078233588e-16 -6.85846719430558952e-15
4.38407323381646702e-02 1.74417297205056667e-16 -6.88752792593857536e-15
4.38997785996434464e-02 1.74009766776914745e-16 -6.91616957621120895e-15
4.39588248611222226e-02 1.73600557591360889e-16 -6.94438948455986937e-15
4.40178711226009989e-02 1.73189694655409918e-16 -6.97218499042092860e-15
4.40769173840797751e-02 1.72777203028442049e-16 -6.99955609379439295e-15
4.41359636455585513e-02 1.72363107769837576e-16 -7.02650279468025612e-15
4.41950099070373276e-02 1.71947433938976715e-16 -7.05302509307852519e-15
4.42540561685161038e-02 1.71530206595239710e-16 -7.07912298898919308e-15
4.43131024299948800e-02 1.71111450798006903e-16 -7.10479648241226609e-15
4.43721486914736563e-02 1.70691191606658487e-16 -7.13004557334773948e-15
4.44311949529524325e-02 1.70269454106421930e-16 -7.15486894855819304e-15
4.44902412144312087e-02 1.69846263485913820e-16 -7.17926529480619863e-15
4.45492874759099988e-02 1.69421644959597897e-16 -7.20323461209175941e-15
4.46083337373887751e-02 1.68995623741937974e-16 -7.22677690041487223e-15
4.46673799988675513e-02 1.68568225047397790e-16 -7.24989215977554182e-15
4.47264262603463275e-02 1.68139474090441136e-16 -7.27258039017376186e-15
4.47854725218251037e-02 1.67709396085531798e-16 -7.29484159160953868e-15
4.48445187833038800e-02 1.67278016247133517e-16 -7.31667576408286753e-15
4.49035650447826562e-02 1.66845359789563205e-16 -7.33808291505931818e-15
4.49626113062614324e-02 1.66411451926549852e-16 -7.35906305200445726e-15
4.50216575677402087e-02 1.65976317871675646e-16 -7.37961617491828791e-15
4.50807038292189849e-02 1.65539982838522724e-16 -7.39974228380080540e-15
4.51397500906977611e-02 1.65102472040673298e-16 -7.41944137865201289e-15
4.51987963521765373e-02 1.64663810691709432e-16 -7.43871345947191038e-15
4.52578426136553136e-02 1.64224024005213315e-16 -7.45755852626049629e-15
4.53168888751341037e-02 1.63783137194767083e-16 -7.47597657901777220e-15
4.53759351366128799e-02 1.63341175448555548e-16 -7.49396890812123779e-15
4.54349813980916561e-02 1.62898163853174309e-16 -7.51153680394839749e-15
4.54940276595704324e-02 1.62454127469821513e-16 -7.52868026649925130e-15
4.55530739210492086e-02 1.62009091359695408e-16 -7.54539929577379606e-15
4.56121201825279848e-02 1.61563080583994141e-16 -7.56169389177203650e-15
4.56711664440067611e-02 1.61116120203916059e-16 -7.57756405449396789e-15
4.57302127054855373e-02 1.60668235280659235e-16 -7.59300978393959497e-15
4.57892589669643135e-02 1.60219450875421965e-16 -7.60803108010891299e-15
4.58483052284430898e-02 1.59769791999704235e-16 -7.62263046804872227e-15
4.59073514899218660e-02 1.59319283466213328e-16 -7.63681047280581993e-15
4.59663977514006422e-02 1.58867950037958266e-16 -7.65057109438020756e-15
4.60254440128794323e-02 1.58415816477948170e-16 -7.66391233277188200e-15
4.60844902743582086e-02 1.57962907549192061e-16 -7.67683418798084482e-15
4.61435365358369848e-02 1.57509248014699059e-16 -7.68933666000709604e-15
4.62025827973157610e-02 1.57054862637478187e-16 -7.70141974885063564e-15
4.62616290587945372e-02 1.56599776180538516e-16 -7.71308345451146363e-15
4.63206753202733135e-02 1.56144013334029110e-16 -7.72433147883226691e-15
4.63797215817520897e-02 1.55687598496659105e-16 -7.73516752365573396e-15
4.64387678432308659e-02 1.55230555994277631e-16 -7.74559158898186004e-15
4.64978141047096422e-02 1.54772910152733817e-16 -7.75560367481064989e-15
4.65568603661884184e-02 1.54314685297876744e-16 -7.76520378114210035e-15
4.66159066276671946e-02 1.53855905755555565e-16 -7.77439190797621457e-15
4.66749528891459708e-02 1.53396595851619410e-16 -7.78316805531298941e-15
4.67339991506247471e-02 1.52936779911917383e-16 -7.79153222315242644e-15
4.67930454121035372e-02 1.52476482167587531e-16 -7.79948922354002534e-15
4.68520916735823134e-02 1.52015726470923463e-16 -7.80704386852128579e-15
4.69111379350610896e-02 1.51554536579507707e-16 -7.81419615809620623e-15
4.69701841965398659e-02 1.51092936250922839e-16 -7.82094609226478823e-15
4.70292304580186421e-02 1.50630949242751311e-16 -7.82729367102703178e-15
4.70882767194974183e-02 1.50168599312575699e-16 -7.83323889438293373e-15
4.71473229809761946e-02 1.49705910217978556e-16 -7.83878176233249882e-15
4.72063692424549708e-02 1.49242905716542382e-16 -7.84392227487572547e-15
4.72654155039337470e-02 1.48779609450750413e-16 -7.84866627993448951e-15
4.73244617654125233e-02 1.48316044602688612e-16 -7.85301962543067311e-15
4.73835080268912995e-02 1.47852234239343651e-16 -7.85698231136427153e-15
4.74425542883700757e-02 1.47388201427702301e-16 -7.86055433773528793e-15
4.75016005498488658e-02 1.46923969234751111e-16 -7.86373570454372073e-15
4.75606468113276420e-02 1.46459560727476875e-16 -7.86652641178957150e-15
4.76196930728064183e-02 1.45994998972866216e-16 -7.86892645947283709e-15
4.76787393342851945e-02 1.45530307037905806e-16 -7.87093584759352382e-15
4.77377855957639707e-02 1.45065507855689399e-16 -7.87256137893562945e-15
4.77968318572427470e-02 1.44600623823738708e-16 -7.87380985628316911e-15
4.78558781187215232e-02 1.44135677205682431e-16 -7.87468127963613491e-15
4.79149243802002994e-02 1.43670690265149413e-16 -7.87517564899452844e-15
4.79739706416790757e-02 1.43205685265768375e-16 -7.87529296435835442e-15
4.80330169031578519e-02 1.42740684471168039e-16 -7.87503322572760655e-15
4.80920631646366281e-02 1.42275710144977227e-16 -7.87439643310228955e-15
4.81511094261154043e-02 1.41810784550824610e-16 -7.87338258648240186e-15
4.82101556875941806e-02 1.41345929801357096e-16 -7.87199935690099803e-15
4.82692019490729707e-02 1.40881167405293620e-16 -7.87025441539113739e-15
4.83282482105517469e-02 1.40416518720371403e-16 -7.86814776195281992e-15
4.83872944720305231e-02 1.39952005104327466e-16 -7.86567939658604721e-15
4.84463407335092994e-02 1.39487647914898981e-16 -7.86284931929081452e-15
4.85053869949880756e-02 1.39023468509823044e-16 -7.85965753006712186e-15
4.85644332564668518e-02 1.38559488246836728e-16 -7.85610402891497553e-15
4.86234795179456281e-02 1.38095728483677152e-16 -7.85218881583436922e-15
4.86825257794244043e-02 1.37632210411803538e-16 -7.84792033901133785e-15
4.87415720409031805e-02 1.37168954557563229e-16 -7.84330704663191161e-15
4.88006183023819567e-02 1.36705981281025841e-16 -7.83834893869608890e-15
4.88596645638607330e-02 1.36243310942260792e-16 -7.83304601520387132e-15
4.89187108253395092e-02 1.35780963901337624e-16 -7.82739827615525727e-15
4.89777570868182993e-02 1.35318960518325828e-16 -7.82140572155024993e-15
4.90368033482970755e-02 1.34857321153294947e-16 -7.81506835138884297e-15
4.90958496097758518e-02 1.34396066166314448e-16 -7.80838616567104429e-15
4.91548958712546280e-02 1.33935215737738909e-16 -7.80136829528379853e-15
4.92139421327334042e-02 1.33474789329063301e-16 -7.79402387111405666e-15
4.92729883942121805e-02 1.33014806222067632e-16 -7.78635289316181710e-15
4.93320346556909567e-02 1.32555285698531958e-16 -7.77835536142707984e-15
4.93910809171697329e-02 1.32096247040236311e-16 -7.77003127590984488e-15
4.94501271786485092e-02 1.31637709528960675e-16 -7.76138063661011539e-15
4.95091734401272854e-02 1.31179692446485130e-16 -7.75240344352788821e-15
4.95682197016060616e-02 1.30722215074589636e-16 -7.74309969666316175e-15
4.96272659630848378e-02 1.30265296503805375e-16 -7.73347911291808223e-15
4.96863122245636141e-02 1.29808955059667786e-16 -7.72355140919478481e-15
4.97453584860424042e-02 1.29353208876463387e-16 -7.71331658549327107e-15
4.98044047475211804e-02 1.28898076088478694e-16 -7.70277464181354259e-15
4.98634510089999566e-02 1.28443574830000322e-16 -7.69192557815559779e-15
4.99224972704787329e-02 1.27989723235314763e-16 -7.68076939451943666e-15
4.99815435319575091e-02 1.27536539438708534e-16 -7.66930609090506080e-15
5.00405897934362853e-02 1.27084041574468226e-16 -7.65753566731246703e-15
5.00996360549150616e-02 1.26632247576022613e-16 -7.64546832884263956e-15
5.01586823163938378e-02 1.26181174573369869e-16 -7.63311428059655310e-15
5.02177285778726140e-02 1.25730839495650429e-16 -7.62047352257421082e-15
5.02767748393513902e-02 1.25281259272004675e-16 -7.60754605477561113e-15
5.03358211008301665e-02 1.24832450831572992e-16 -7.59433187720075562e-15
5.03948673623089427e-02 1.24384431103495861e-16 -7.58083098984964270e-15
5.04539136237877328e-02 1.23937217016913643e-16 -7.56704339272227238e-15
5.05129598852665090e-02 1.23490825500966818e-16 -7.55296908581864623e-15
5.05720061467452853e-02 1.23045273276255683e-16 -7.53861866456099778e-15
5.06310524082240615e-02 1.22600576229220620e-16 -7.52400272437156371e-15
5.06900986697028377e-02 1.22156750037761899e-16 -7.50912126525034402e-15
5.07491449311816140e-02 1.21713810379779766e-16 -7.49397428719733713e-15
5.08081911926603902e-02 1.21271772933174466e-16 -7.47856179021254462e-15
5.08672374541391664e-02 1.20830653375846343e-16 -7.46288377429596492e-15
5.09262837156179426e-02 1.20390467385695617e-16 -7.44694023944760274e-15
5.09853299770967189e-02 1.19951230640622608e-16 -7.43073118566745022e-15
5.10443762385754951e-02 1.19512958604212665e-16 -7.41426750178351209e-15
5.11034225000542713e-02 1.19075665882791802e-16 -7.39756007662378205e-15
5.11624687615330476e-02 1.18639366868371110e-16 -7.38060891018826169e-15
5.12215150230118377e-02 1.18204075952961707e-16 -7.36341400247694943e-15
5.12805612844906139e-02 1.17769807528574686e-16 -7.34597535348985000e-15
5.13396075459693901e-02 1.17336575987221114e-16 -7.32829296322695708e-15
5.13986538074481664e-02 1.16904395720912158e-16 -7.31036683168827385e-15
5.14577000689269426e-02 1.16473281121658862e-16 -7.29219695887380186e-15
5.15167463304057188e-02 1.16043246363252239e-16 -7.27379443202902775e-15
5.15757925918844951e-02 1.15614304746602700e-16 -7.25517033839944289e-15
5.16348388533632713e-02 1.15186469354400597e-16 -7.23632467798504568e-15
5.16938851148420475e-02 1.14759753269336214e-16 -7.21725745078583929e-15
5.17529313763208237e-02 1.14334169574099854e-16 -7.19796865680182057e-15
5.18119776377996000e-02 1.13909731351381850e-16 -7.17845829603299108e-15
5.18710238992783762e-02 1.13486451683872506e-16 -7.15872636847934925e-15
5.19300701607571663e-02 1.13064343654262104e-16 -7.13877287414089824e-15
5.19891164222359425e-02 1.12643420124929577e-16 -7.11860900651663647e-15
5.20481626837147188e-02 1.12223693077008121e-16 -7.09824595910556945e-15
5.21072089451934950e-02 1.11805174271319462e-16 -7.07768373190769403e-15
5.21662552066722712e-02 1.11387875468685421e-16 -7.05692232492301336e-15
5.22253014681510475e-02 1.10971808429927750e-16 -7.03596173815152508e-15
5.22843477296298237e-02 1.10556984915868198e-16 -7.01480197159323156e-15
5.23433939911085999e-02 1.10143416687328588e-16 -6.99344302524812964e-15
5.24024402525873761e-02 1.09731115505130657e-16 -6.97188489911622247e-15
5.24614865140661524e-02 1.09320092909435761e-16 -6.95013880443044951e-15
5.25205327755449286e-02 1.08910359557763258e-16 -6.92821595242375259e-15
5.25795790370237048e-02 1.08501925886972250e-16 -6.90611634309613406e-15
5.26386252985024811e-02 1.08094802333921627e-16 -6.88383997644759236e-15
5.26976715599812712e-02 1.07688999335470464e-16 -6.86138685247812748e-15
5.27567178214600474e-02 1.07284527328477691e-16 -6.83875697118773942e-15
5.28157640829388236e-02 1.06881396749802344e-16 -6.81595033257642897e-15
5.28748103444175999e-02 1.06479618036303365e-16 -6.79296693664419535e-15
5.29338566058963761e-02 1.06079201405486319e-16 -6.76981792821855447e-15
5.29929028673751523e-02 1.05680156197442803e-16 -6.74651445212702384e-15
5.30519491288539286e-02 1.05282491532911087e-16 -6.72305650836960266e-15
5.31109953903327048e-02 1.04886216532629294e-16 -6.69944409694629094e-15
5.31700416518114810e-02 1.04491340317335671e-16 -6.67567721785708947e-15
5.32290879132902572e-02 1.04097872007768341e-16 -6.65175587110199667e-15
5.32881341747690335e-02 1.03705820724665563e-16 -6.62768005668101332e-15
5.33471804362478097e-02 1.03315195588765484e-16 -6.60344977459414101e-15
5.34062266977265998e-02 1.02926005504316935e-16 -6.57907602415067008e-15
5.34652729592053760e-02 1.02538258509611320e-16 -6.55456980465989797e-15
5.35243192206841523e-02 1.02151962426450588e-16 -6.52993111612182231e-15
5.35833654821629285e-02 1.01767125076636777e-16 -6.50515995853644548e-15
5.36424117436417047e-02 1.01383754281971874e-16 -6.48025633190376431e-15
5.37014580051204810e-02 1.01001857864257941e-16 -6.45522023622378276e-15
5.37605042665992572e-02 1.00621443645296891e-16 -6.43005167149649687e-15
5.38195505280780334e-02 1.00242519446890798e-16 -6.40475063772190980e-15
5.38785967895568096e-02 9.98650928786636916e-17 -6.37932791515724270e-15
5.39376430510355859e-02 9.94891707015277336e-17 -6.35379428405971908e-15
5.39966893125143621e-02 9.91147594642171887e-17 -6.32814974442934131e-15
5.40557355739931383e-02 9.87418657154662851e-17 -6.30239429626610702e-15
5.41147818354719146e-02 9.83704960040092509e-17 -6.27652793957001699e-15
5.41738280969507047e-02 9.80006568785802773e-17 -6.25055067434107045e-15
5.42328743584294809e-02 9.76323548879136785e-17 -6.22446250057926975e-15
5.42919206199082571e-02 9.72655965807435965e-17 -6.19826341828461253e-15
5.43509668813870334e-02 9.69003882992662873e-17 -6.17196392116391880e-15
5.44100131428658096e-02 9.65367355595256497e-17 -6.14557450292400620e-15
5.44690594043445858e-02 9.61746436710276721e-17 -6.11909516356487708e-15
5.45281056658233620e-02 9.58141179432781951e-17 -6.09252590308652831e-15
5.45871519273021383e-02 9.54551636857832194e-17 -6.06586672148896223e-15
5.46461981887809145e-02 9.50977862080486224e-17 -6.03911761877217886e-15
5.47052444502596907e-02 9.47419908195803187e-17 -6.01227859493617741e-15
5.47642907117384670e-02 9.43877828298842104e-17 -5.98534964998095787e-15
5.48233369732172432e-02 9.40351673487707452e-17 -5.95834092995966508e-15
5.48823832346960333e-02 9.36841486872683074e-17 -5.93126258092544625e-15
5.49414294961748095e-02 9.33347309567098267e-17 -5.90411460287829821e-15
5.50004757576535858e-02 9.29869182684281714e-17 -5.87689699581822414e-15
5.50595220191323620e-02 9.26407147337562713e-17 -5.84960975974522165e-15
5.51185682806111382e-02 9.22961244640270317e-17 -5.82225289465929232e-15
5.51776145420899145e-02 9.19531515705733330e-17 -5.79482640056043459e-15
5.52366608035686907e-02 9.16118001647281050e-17 -5.76733027744865002e-15
5.52957070650474669e-02 9.12720741660428732e-17 -5.73977426927863542e-15
5.53547533265262431e-02 9.09339767269437176e-17 -5.71216812000508680e-15
5.54137995880050194e-02 9.05975108080753383e-17 -5.68451182962800654e-15
5.54728458494837956e-02 9.02626793700824479e-17 -5.65680539814739305e-15
5.55318921109625718e-02 8.99294853736097464e-17 -5.62904882556324634e-15
5.55909383724413481e-02 8.95979317793019589e-17 -5.60124211187556639e-15
5.56499846339201382e-02 8.92680215478038470e-17 -5.57338525708435402e-15
5.57090308953989144e-02 8.89397576397600247e-17 -5.54547826118960841e-15
5.57680771568776906e-02 8.86131428328852139e-17 -5.51753041843057411e-15
5.58271234183564669e-02 8.82881791731740132e-17 -5.48955102304649251e-15
5.58861696798352431e-02 8.79648685236909569e-17 -5.46154007503736438e-15
5.59452159413140193e-02 8.76432127475005668e-17 -5.43349757440318815e-15
5.60042622027927955e-02 8.73232137076674511e-17 -5.40542352114396777e-15
5.60633084642715718e-02 8.70048732672560945e-17 -5.37731791525969849e-15
5.61223547257503480e-02 8.66881932893310930e-17 -5.34918075675038428e-15
5.61814009872291242e-02 8.63731756369569560e-17 -5.32101204561602275e-15
5.62404472487079005e-02 8.60598219999208523e-17 -5.29282058566953522e-15
5.62994935101866767e-02 8.57481333749002425e-17 -5.26461518072384301e-15
5.63585397716654668e-02 8.54381105852952219e-17 -5.23639583077894454e-15
5.64175860331442430e-02 8.51297544545058366e-17 -5.20816253583484217e-15
5.64766322946230193e-02 8.48230658059321447e-17 -5.17991529589153354e-15
5.65356785561017955e-02 8.45180454629742663e-17 -5.15165411094902102e-15
5.65947248175805717e-02 8.42146942490322226e-17 -5.12337898100730145e-15
5.66537710790593479e-02 8.39130129875060965e-17 -5.09508990606637876e-15
5.67128173405381242e-02 8.36130023388366598e-17 -5.06679516570025476e-15
5.67718636020169004e-02 8.33146623116275253e-17 -5.03850303948294149e-15
5.68309098634956766e-02 8.30179927515229207e-17 -5.01021352741443578e-15
5.68899561249744529e-02 8.27229935041671721e-17 -4.98192662949473922e-15
5.69490023864532291e-02 8.24296644152045565e-17 -4.95364234572384944e-15
5.70080486479320053e-02 8.21380053302793385e-17 -4.92536067610176959e-15
5.70670949094107816e-02 8.18480160950358689e-17 -4.89708162062849731e-15
5.71261411708895717e-02 8.15596965551183632e-17 -4.86880517930403418e-15
5.71851874323683479e-02 8.12730464040614346e-17 -4.84053908046026221e-15
5.72442336938471241e-02 8.09880647269608577e-17 -4.81229105242906420e-15
5.73032799553259004e-02 8.07047504568027065e-17 -4.78406109521044016e-15
5.73623262168046766e-02 8.04231025265730673e-17 -4.75584920880439009e-15
5.74213724782834528e-02 8.01431198692580017e-17 -4.72765539321091556e-15
5.74804187397622290e-02 7.98648014178435962e-17 -4.69947964843001500e-15
5.75394650012410053e-02 7.95881461053159000e-17 -4.67132197446168761e-15
5.75985112627197815e-02 7.93131528646610241e-17 -4.64318237130593656e-15
5.76575575241985577e-02 7.90398204880056078e-17 -4.61506799569525845e-15
5.77166037856773340e-02 7.87681472040385397e-17 -4.58698600436215936e-15
5.77756500471561102e-02 7.84981311005893228e-17 -4.55893639730663692e-15
5.78346963086349003e-02 7.82297702654873986e-17 -4.53091917452869034e-15
5.78937425701136765e-02 7.79630627865622948e-17 -4.50293433602832199e-15
5.79527888315924528e-02 7.76980067516434407e-17 -4.47498188180553030e-15
5.80118350930712290e-02 7.74346002485603516e-17 -4.44706181186031525e-15
5.80708813545500052e-02 7.71728413651424813e-17 -4.41917412619267686e-15
5.81299276160287814e-02 7.69127280598845891e-17 -4.39132539599345627e-15
5.81889738775075577e-02 7.66542577739423729e-17 -4.36352219245348990e-15
5.82480201389863339e-02 7.63974278191367865e-17 -4.33576451557278012e-15
5.83070664004651101e-02 7.61422355072888579e-17 -4.30805236535132456e-15
5.83661126619438864e-02 7.58886781502195286e-17 -4.28038574178912480e-15
5.84251589234226626e-02 7.56367530597497773e-17 -4.25276464488618005e-15
5.84842051849014388e-02 7.53864575477005455e-17 -4.22518907464249268e-15
5.85432514463802289e-02 7.51377889258928613e-17 -4.19765903105805874e-15
5.86022977078590052e-02 7.48907443884914657e-17 -4.17018049196365402e-15
5.86613439693377814e-02 7.46453206590364461e-17 -4.14275943519004881e-15
5.87203902308165576e-02 7.44015143434116275e-17 -4.11539586073724389e-15
5.87794364922953338e-02 7.41593220475008599e-17 -4.08808976860523848e-15
5.88384827537741101e-02 7.39187403771880054e-17 -4.06084115879403335e-15
5.88975290152528863e-02 7.36797659383569508e-17 -4.03365003130362930e-15
5.89565752767316625e-02 7.34423953368915090e-17 -4.00651638613402397e-15
5.90156215382104388e-02 7.32066251786755422e-17 -3.97944022328521892e-15
5.90746677996892150e-02 7.29724519636554133e-17 -3.95242692519025429e-15
5.91337140611679912e-02 7.27398717680273779e-17 -3.92548187428216862e-15
5.91927603226467675e-02 7.25088805620501923e-17 -3.89860507056096427e-15
5.92518065841255437e-02 7.22794743159826376e-17 -3.87179651402663967e-15
5.93108528456043338e-02 7.20516490000834454e-17 -3.84505620467919403e-15
5.93698991070831100e-02 7.18254005846113969e-17 -3.81838414251862893e-15
5.94289453685618863e-02 7.16007250398252237e-17 -3.79178032754494515e-15
5.94879916300406625e-02 7.13776183359836946e-17 -3.76524475975813954e-15
5.95470378915194387e-02 7.11560763490607009e-17 -3.73878222954936161e-15
5.96060841529982149e-02 7.09360945778904771e-17 -3.71239752730975928e-15
5.96651304144769912e-02 7.07176684270224176e-17 -3.68609065303933255e-15
5.97241766759557674e-02 7.05007933010059287e-17 -3.65986160673808144e-15
5.97832229374345436e-02 7.02854646043903678e-17 -3.63371038840600513e-15
5.98422691989133199e-02 7.00716777417251167e-17 -3.60763699804310365e-15
5.99013154603920961e-02 6.98594281175595572e-17 -3.58164143564937777e-15
5.99603617218708723e-02 6.96487111364430837e-17 -3.55572370122482749e-15
6.00194079833496624e-02 6.94395221201289121e-17 -3.52988800144548251e-15
6.00784542448284387e-02 6.92318560591855949e-17 -3.50413854298737093e-15
6.01375005063072149e-02 6.90257078613855187e-17 -3.47847532585049473e-15
6.01965467677859911e-02 6.88210724345011071e-17 -3.45289835003485272e-15
6.02555930292647673e-02 6.86179446863047219e-17 -3.42740761554044570e-15
6.03146392907435436e-02 6.84163195245687869e-17 -3.40200312236727286e-15
6.03736855522223198e-02 6.82161918570656886e-17 -3.37668487051533501e-15
6.04327318137010960e-02 6.80175565915678382e-17 -3.35145285998463095e-15
6.04917780751798723e-02 6.78204085642873256e-17 -3.32631072658198647e-15
6.05508243366586485e-02 6.76247423251952509e-17 -3.30126210611422613e-15
6.06098705981374247e-02 6.74305523527023927e-17 -3.27630699858134995e-15
6.06689168596162010e-02 6.72378331252195545e-17 -3.25144540398335713e-15
6.07279631210949772e-02 6.70465791211575147e-17 -3.22667732232024926e-15
6.07870093825737673e-02 6.68567848189270892e-17 -3.20200275359202435e-15
6.08460556440525435e-02 6.66684446969390689e-17 -3.17742169779868400e-15
6.09051019055313198e-02 6.64815532336042325e-17 -3.15293415494022700e-15
6.09641481670100960e-02 6.62961048466764015e-17 -3.12854320685402110e-15
6.10231944284888722e-02 6.61120937112814087e-17 -3.10425193537743282e-15
6.10822406899676484e-02 6.59295139418880927e-17 -3.08006034051046217e-15
6.11412869514464247e-02 6.57483596529652921e-17 -3.05596842225310835e-15
6.12003332129252009e-02 6.55686249589818826e-17 -3.03197618060537217e-15
6.12593794744039771e-02 6.53903039744066904e-17 -3.00808361556725361e-15
6.13184257358827534e-02 6.52133908137085418e-17 -2.98429072713875228e-15
6.13774719973615296e-02 6.50378795913563248e-17 -2.96059751531986858e-15
6.14365182588403058e-02 6.48637643716625469e-17 -2.93700652843202950e-15
6.14955645203190959e-02 6.46910390183146753e-17 -2.91352031479666124e-15
6.15546107817978722e-02 6.45196973448438335e-17 -2.89013887441376538e-15
6.16136570432766484e-02 6.43497331647811576e-17 -2.86686220728334034e-15
6.16727033047554246e-02 6.41811402916577958e-17 -2.84369031340538770e-15
6.17317495662342008e-02 6.40139125390048843e-17 -2.82062319277990588e-15
6.17907958277129771e-02 6.38480437203535342e-17 -2.79766084540689567e-15
6.18498420891917533e-02 6.36835276492349309e-17 -2.77480327128635707e-15
6.19088883506705295e-02 6.35203580990603472e-17 -2.75205250881140845e-15
6.19679346121493058e-02 6.33585286827617629e-17 -2.72941059637516541e-15
6.20269808736280820e-02 6.31980329731513687e-17 -2.70687753397762992e-15
6.20860271351068582e-02 6.30388645430412811e-17 -2.68445332161880160e-15
6.21450733965856345e-02 6.28810169652436661e-17 -2.66213795929868005e-15
6.22041196580644107e-02 6.27244838125706651e-17 -2.63993144701726566e-15
6.22631659195432008e-02 6.25692586578344562e-17 -2.61783378477455843e-15
6.23222121810219770e-02 6.24153350738471561e-17 -2.59584497257055797e-15
6.23812584425007532e-02 6.22627066028261068e-17 -2.57396656485657022e-15
6.24403047039795295e-02 6.21113666646092316e-17 -2.55220011608389993e-15
6.24993509654583057e-02 6.19613086484395681e-17 -2.53054562625254750e-15
6.25583972269370819e-02 6.18125259435602157e-17 -2.50900309536251292e-15
6.26174434884158582e-02 6.16650119392142490e-17 -2.48757252341379542e-15
6.26764897498946344e-02 6.15187600246447549e-17 -2.46625391040639656e-15
6.27355360113734106e-02 6.13737635890947835e-17 -2.44504725634031438e-15
6.27945822728521869e-02 6.12300160218074341e-17 -2.42395256121555045e-15
6.28536285343309631e-02 6.10875106903882019e-17 -2.40297092438573719e-15
6.29126747958097393e-02 6.09462408758922887e-17 -2.38210344520450742e-15
6.29717210572885294e-02 6.08061998377373169e-17 -2.36135012367186074e-15
6.30307673187673057e-02 6.06673808353409582e-17 -2.34071095978779834e-15
6.30898135802460819e-02 6.05297771281207857e-17 -2.32018595355231903e-15
6.31488598417248581e-02 6.03933819754944956e-17 -2.29977510496542320e-15
6.32079061032036343e-02 6.02581886368796612e-17 -2.27947841402711087e-15
6.32669523646824106e-02 6.01241903716939541e-17 -2.25929588073738162e-15
6.33259986261611868e-02 5.99913804261285109e-17 -2.23922817710119752e-15
6.33850448876399630e-02 5.98597519934687106e-17 -2.21927597512351903e-15
6.34440911491187393e-02 5.97292982537733972e-17 -2.19943927480434655e-15
6.35031374105975155e-02 5.96000123871014146e-17 -2.17971807614367969e-15
6.35621836720762917e-02 5.94718875735116930e-17 -2.16011237914151924e-15
6.36212299335550679e-02 5.93449169930630393e-17 -2.14062218379786440e-15
6.36802761950338442e-02 5.92190938258143715e-17 -2.12124749011271517e-15
6.37393224565126343e-02 5.90944112518245458e-17 -2.10198829808607196e-15
6.37983687179914105e-02 5.89708624455648305e-17 -2.08284489161045919e-15
6.38574149794701867e-02 5.88484405591561167e-17 -2.06381755457840051e-15
6.39164612409489630e-02 5.87271387391316707e-17 -2.04490628698989711e-15
6.39755075024277392e-02 5.86069501320248080e-17 -2.02611108884494779e-15
6.40345537639065154e-02 5.84878678843687948e-17 -2.00743196014355336e-15
6.40936000253852917e-02 5.83698851426969095e-17 -1.98886890088571302e-15
6.41526462868640679e-02 5.82529950535424554e-17 -1.97042191107142756e-15
6.42116925483428441e-02 5.81371907634387356e-17 -1.95209099070069698e-15
6.42707388098216204e-02 5.80224654209370335e-17 -1.93387603724242006e-15
6.43297850713003966e-02 5.79088121826607748e-17 -1.91577694816549637e-15
6.43888313327791728e-02 5.77962242072514026e-17 -1.89779372346992553e-15
6.44478775942579629e-02 5.76846946533503473e-17 -1.87992636315570870e-15
6.45069238557367391e-02 5.75742166795990643e-17 -1.86217486722284472e-15
6.45659701172155154e-02 5.74647834446389964e-17 -1.84453923567133358e-15
6.46250163786942916e-02 5.73563881071115867e-17 -1.82701946850117607e-15
6.46840626401730678e-02 5.72490238256582779e-17 -1.80961556571237179e-15
6.47431089016518441e-02 5.71426837656867457e-17 -1.79232718352796483e-15
6.48021551631306203e-02 5.70373611196696819e-17 -1.77515397817100049e-15
6.48612014246093965e-02 5.69330490868460357e-17 -1.75809594964147894e-15
6.49202476860881728e-02 5.68297408664547069e-17 -1.74115309793939881e-15
6.49792939475669490e-02 5.67274296577346694e-17 -1.72432542306476149e-15
6.50383402090457252e-02 5.66261086599247859e-17 -1.70761292501756598e-15
6.50973864705245014e-02 5.65257710722640550e-17 -1.69101560379781347e-15
6.51564327320032777e-02 5.64264100939913642e-17 -1.67453345940550238e-15
6.52154789934820678e-02 5.63280189435126283e-17 -1.65816551801274588e-15
6.52745252549608440e-02 5.62305909159016005e-17 -1.64191080579165539e-15
6.53335715164396202e-02 5.61341193253989751e-17 -1.62576932274223050e-15
6.53926177779183965e-02 5.60385974862455327e-17 -1.60974106886447220e-15
6.54516640393971727e-02 5.59440187126819676e-17 -1.59382604415837971e-15
6.55107103008759489e-02 5.58503763189489987e-17 -1.57802424862395322e-15
6.55697565623547252e-02 5.57576636192873325e-17 -1.56233568226119272e-15
6.56288028238335014e-02 5.56658739279377128e-17 -1.54676034507009823e-15
6.56878490853122776e-02 5.55750005591408831e-17 -1.53129823705066993e-15
6.57468953467910538e-02 5.54850368271375314e-17 -1.51594935820290764e-15
6.58059416082698301e-02 5.53959760461683952e-17 -1.50071370852681114e-15
6.58649878697486063e-02 5.53078115304741874e-17 -1.48559128802238045e-15
6.59240341312273964e-02 5.52205365942956329e-17 -1.47058209668961615e-15
6.59830803927061726e-02 5.51341445518734692e-17 -1.45568613452851766e-15
6.60421266541849489e-02 5.50486287174484030e-17 -1.44090340153908536e-15
6.61011729156637251e-02 5.49639824052611715e-17 -1.42623389772131886e-15
