# dgg/dPsi( Psi ) for C_mast_spherical, from C_mast_spherical_shaped.npz
#
# Psi = 1 - psi_n: freegs4e's normalised flux is 0 on the AXIS and
# 1 on the boundary, and MEQ's is the other way up.
# The values are d/dpsi in the reference and d/dPsi here, so they
# carry a factor of the span 8.085139507540710e-02.
# Amplitude 5.683281208605514e-01, shape ( 1 - psi_n^1.5 )^2.
#
#   Psi            value                    d/dPsi
  -0.300000   +1.068542020171346e-02   +7.579351794924134e-02
  -0.290000   +9.942333163961363e-03   +7.282887437079497e-02
  -0.280000   +9.228742973496181e-03   +6.989415305042995e-02
  -0.270000   +8.544350270089216e-03   +6.698938160728533e-02
  -0.260000   +7.888855414608912e-03   +6.411458820527091e-02
  -0.250000   +7.261958483497839e-03   +6.126980156823060e-02
  -0.240000   +6.663359263095189e-03   +5.845505099565237e-02
  -0.230000   +6.092757243799506e-03   +5.567036637894991e-02
  -0.220000   +5.549851614065461e-03   +5.291577821834073e-02
  -0.210000   +5.034341254228898e-03   +5.019131764034854e-02
  -0.200000   +4.545924730153508e-03   +4.749701641595760e-02
  -0.190000   +4.084300286692661e-03   +4.483290697944967e-02
  -0.180000   +3.649165840959257e-03   +4.219902244795430e-02
  -0.170000   +3.240218975396409e-03   +3.959539664174688e-02
  -0.160000   +2.857156930641248e-03   +3.702206410532864e-02
  -0.150000   +2.499676598173866e-03   +3.447906012932644e-02
  -0.140000   +2.167474512743008e-03   +3.196642077325148e-02
  -0.130000   +1.860246844559679e-03   +2.948418288915809e-02
  -0.120000   +1.577689391249534e-03   +2.703238414624728e-02
  -0.110000   +1.319497569554237e-03   +2.461106305646039e-02
  -0.100000   +1.085366406771854e-03   +2.222025900111394e-02
  -0.090000   +8.749905319253088e-04   +1.986001225862490e-02
  -0.080000   +6.880641666480681e-04   +1.753036403338508e-02
  -0.070000   +5.242811157749855e-04   +1.523135648584012e-02
  -0.060000   +3.833347576261173e-04   +1.296303276383722e-02
  -0.050000   +2.649180339704424e-04   +1.072543703530670e-02
  -0.040000   +1.687234396558051e-04   +8.518614522347683e-03
  -0.030000   +9.444301189066206e-05   +6.342611536792113e-03
  -0.020000   +4.176831916248570e-05   +4.197475517326692e-03
  -0.010000   +1.039044977679911e-05   +2.083255068256455e-03
  +0.000000   +0.000000000000000e+00   +0.000000000000000e+00
  +0.010000   +1.028706178817754e-05   +2.052238628588501e-03
  +0.020000   +4.094121008315433e-05   +4.073408465968347e-03
  +0.030000   +9.165148965592523e-05   +6.063455821624218e-03
  +0.040000   +1.621064014765495e-04   +8.022325617624950e-03
  +0.050000   +2.519938885883523e-04   +9.949961337905516e-03
  +0.060000   +3.610013214630200e-04   +1.184630497514016e-02
  +0.070000   +4.888154828117869e-04   +1.371129697506504e-02
  +0.080000   +6.351225518264860e-04   +1.554487617809959e-02
  +0.090000   +7.996080878226192e-04   +1.734697975810416e-02
  +0.100000   +9.819570132549797e-04   +1.911754315810072e-02
  +0.110000   +1.181853596074526e-03   +2.085650002277044e-02
  +0.120000   +1.398981431393276e-03   +2.256378212752812e-02
  +0.130000   +1.633023422421973e-03   +2.423931930395936e-02
  +0.140000   +1.883661760642935e-03   +2.588303936138923e-02
  +0.150000   +2.150577905178277e-03   +2.749486800433506e-02
  +0.160000   +2.433452561310924e-03   +2.907472874557533e-02
  +0.170000   +2.731965658113256e-03   +3.062254281454762e-02
  +0.180000   +3.045796325135039e-03   +3.213822906076433e-02
  +0.190000   +3.374622868099272e-03   +3.362170385191158e-02
  +0.200000   +3.718122743550889e-03   +3.507288096626861e-02
  +0.210000   +4.075972532399678e-03   +3.649167147905633e-02
  +0.220000   +4.447847912294552e-03   +3.787798364229064e-02
  +0.230000   +4.833423628762004e-03   +3.923172275768139e-02
  +0.240000   +5.232373465036687e-03   +4.055279104207802e-02
  +0.250000   +5.644370210506990e-03   +4.184108748492119e-02
  +0.260000   +6.069085627692685e-03   +4.309650769711178e-02
  +0.270000   +6.506190417665729e-03   +4.431894375065708e-02
  +0.280000   +6.955354183818561e-03   +4.550828400839727e-02
  +0.290000   +7.416245393876846e-03   +4.666441294305094e-02
  +0.300000   +7.888531340045940e-03   +4.778721094474991e-02
  +0.310000   +8.371878097171314e-03   +4.887655411615510e-02
  +0.320000   +8.865950478784006e-03   +4.993231405415994e-02
  +0.330000   +9.370411990891501e-03   +5.095435761709226e-02
  +0.340000   +9.884924783363209e-03   +5.194254667621963e-02
  +0.350000   +1.040914959874712e-02   +5.289673785024476e-02
  +0.360000   +1.094274571834035e-02   +5.381678222134599e-02
  +0.370000   +1.148537090532129e-02   +5.470252503117030e-02
  +0.380000   +1.203668134473416e-02   +5.555380535502130e-02
  +0.390000   +1.259633158009847e-02   +5.637045575229970e-02
  +0.400000   +1.316397444639521e-02   +5.715230189104591e-02
  +0.410000   +1.373926099915916e-02   +5.789916214420009e-02
  +0.420000   +1.432184043938156e-02   +5.861084715493180e-02
  +0.430000   +1.491136003389913e-02   +5.928715936809206e-02
  +0.440000   +1.550746503091483e-02   +5.992789252450471e-02
  +0.450000   +1.610979857026050e-02   +6.053283111442909e-02
  +0.460000   +1.671800158797326e-02   +6.110174978609231e-02
  +0.470000   +1.733171271471342e-02   +6.163441270469159e-02
  +0.480000   +1.795056816750368e-02   +6.213057285670184e-02
  +0.490000   +1.857420163421392e-02   +6.258997129367282e-02
  +0.500000   +1.920224415015442e-02   +6.301233630895718e-02
  +0.510000   +1.983432396607050e-02   +6.339738253995136e-02
  +0.520000   +2.047006640675260e-02   +6.374480998744406e-02
  +0.530000   +2.110909371938604e-02   +6.405430294252010e-02
  +0.540000   +2.175102491066291e-02   +6.432552881014079e-02
  +0.550000   +2.239547557156213e-02   +6.455813681697480e-02
  +0.560000   +2.304205768857046e-02   +6.475175658924738e-02
  +0.570000   +2.369037943996515e-02   +6.490599658426138e-02
  +0.580000   +2.434004497560262e-02   +6.502044235675591e-02
  +0.590000   +2.499065417845580e-02   +6.509465463833582e-02
  +0.600000   +2.564180240590733e-02   +6.512816720472972e-02
  +0.610000   +2.629308020853420e-02   +6.512048450150637e-02
  +0.620000   +2.694407302380115e-02   +6.507107899394809e-02
  +0.630000   +2.759436084170879e-02   +6.497938820087092e-02
  +0.640000   +2.824351783900584e-02   +6.484481136506441e-02
  +0.650000   +2.889111197805978e-02   +6.466670570441366e-02
  +0.660000   +2.953670456587041e-02   +6.444438217729463e-02
  +0.670000   +3.017984976798482e-02   +6.417710068303541e-02
  +0.680000   +3.082009407120399e-02   +6.386406460250224e-02
  +0.690000   +3.145697568792866e-02   +6.350441456441623e-02
  +0.700000   +3.209002389373106e-02   +6.309722129880388e-02
  +0.710000   +3.271875828820762e-02   +6.264147740867373e-02
  +0.720000   +3.334268796729487e-02   +6.213608785278487e-02
  +0.730000   +3.396131059292669e-02   +6.157985888380146e-02
  +0.740000   +3.457411134305559e-02   +6.097148512392074e-02
  +0.750000   +3.518056172149762e-02   +6.030953437971021e-02
  +0.760000   +3.578011820257743e-02   +5.959242969315340e-02
  +0.770000   +3.637222067986280e-02   +5.881842798803650e-02
  +0.780000   +3.695629068099681e-02   +5.798559448741164e-02
  +0.790000   +3.753172930122135e-02   +5.709177183111117e-02
  +0.800000   +3.809791479588303e-02   +5.613454248614884e-02
  +0.810000   +3.865419975594742e-02   +5.511118257875962e-02
  +0.820000   +3.919990776877096e-02   +5.401860462664040e-02
  +0.830000   +3.973432943681472e-02   +5.285328572425797e-02
  +0.840000   +4.025671758622979e-02   +5.161117639260228e-02
  +0.850000   +4.076628144010477e-02   +5.028758332221862e-02
  +0.860000   +4.126217944953555e-02   +4.887701624372949e-02
  +0.870000   +4.174351035657291e-02   +4.737298452462458e-02
  +0.880000   +4.220930188514080e-02   +4.576772171480729e-02
  +0.890000   +4.265849618282800e-02   +4.405180415053560e-02
  +0.900000   +4.308993070385343e-02   +4.221360910311851e-02
  +0.910000   +4.350231251334755e-02   +4.023852133814267e-02
  +0.920000   +4.389418277682777e-02   +3.810772862173345e-02
  +0.930000   +4.426386600749338e-02   +3.579631142176173e-02
  +0.940000   +4.460939444485689e-02   +3.327004402684802e-02
  +0.950000   +4.492838924637237e-02   +3.047965261826284e-02
  +0.960000   +4.521786029701725e-02   +2.734951227642174e-02
  +0.970000   +4.547383441583206e-02   +2.375231815247147e-02
  +0.980000   +4.569055589344341e-02   +1.943984533089687e-02
  +0.990000   +4.585826713941727e-02   +1.377125139321841e-02
  +1.000000   +4.595012143216016e-02   +0.000000000000000e+00
