# dp/dPsi( Psi ) for F_diiid_conventional, from F_diiid_conventional.npz
#
# Psi = 1 - psi_n: freegs4e's normalised flux is 0 on the AXIS and
# 1 on the boundary, and MEQ's is the other way up.
# The values are d/dpsi in the reference and d/dPsi here, so they
# carry a factor of the span 3.050361321397491e-01.
# Amplitude 4.780260380527742e+05, shape ( 1 - psi_n^1.5 )^2.
#
#   Psi            value                    d/dPsi
  -0.300000   +3.390843770872746e+04   +2.405183636760536e+05
  -0.290000   +3.155037222734011e+04   +2.311105509545466e+05
  -0.280000   +2.928591017847585e+04   +2.217976916373141e+05
  -0.270000   +2.711410159128885e+04   +2.125798733691878e+05
  -0.260000   +2.503399560988056e+04   +2.034571855237407e+05
  -0.250000   +2.304464047577328e+04   +1.944297192514051e+05
  -0.240000   +2.114508350989362e+04   +1.854975675293260e+05
  -0.230000   +1.933437109404878e+04   +1.766608252130279e+05
  -0.220000   +1.761154865187638e+04   +1.679195890899753e+05
  -0.210000   +1.597566062924918e+04   +1.592739579351127e+05
  -0.200000   +1.442575047411388e+04   +1.507240325684754e+05
  -0.190000   +1.296086061574330e+04   +1.422699159149650e+05
  -0.180000   +1.158003244337936e+04   +1.339117130663891e+05
  -0.170000   +1.028230628424398e+04   +1.256495313458740e+05
  -0.160000   +9.066721380893592e+03   +1.174834803747585e+05
  -0.150000   +7.932315867891713e+03   +1.094136721420893e+05
  -0.140000   +6.878126747773131e+03   +1.014402210768423e+05
  -0.130000   +5.903189866271598e+03   +9.356324412299937e+04
  -0.120000   +5.006539886782038e+03   +8.578286081762442e+04
  -0.110000   +4.187210264026166e+03   +7.809919337208015e+04
  -0.100000   +3.444233216889985e+03   +7.051236675654954e+04
  -0.090000   +2.776639700398304e+03   +6.302250878801753e+04
  -0.080000   +2.183459376791961e+03   +5.562975022189910e+04
  -0.070000   +1.663720585669389e+03   +4.833422484749015e+04
  -0.060000   +1.216450313153900e+03   +4.113606958744429e+04
  -0.050000   +8.406741600451832e+02   +3.403542460148245e+04
  -0.040000   +5.354163089116224e+02   +2.703243339455838e+04
  -0.030000   +2.996994900776667e+02   +2.012724292971505e+04
  -0.020000   +1.325449464581921e+02   +1.332000374588521e+04
  -0.010000   +3.297239718899937e+01   +6.610870080901202e+03
  +0.000000   +0.000000000000000e+00   +0.000000000000000e+00
  +0.010000   +3.264431227461827e+01   +6.512444469874818e+03
  +0.020000   +1.299202507358532e+02   +1.292629719964987e+04
  +0.030000   +2.908410496960781e+02   +1.924138781123427e+04
  +0.040000   +5.144182178041169e+02   +2.545754152379930e+04
  +0.050000   +7.996614932193277e+02   +3.157457899283307e+04
  +0.060000   +1.145578797138386e+03   +3.759231614155105e+04
  +0.070000   +1.551176185596065e+03   +4.351056398421308e+04
  +0.080000   +2.015457799456781e+03   +4.932912844086826e+04
  +0.090000   +2.537425812508543e+03   +5.504781014301235e+04
  +0.100000   +3.116080377565805e+03   +6.066640422960792e+04
  +0.110000   +3.750419570481882e+03   +6.618470013287637e+04
  +0.120000   +4.439439331965486e+03   +7.160248135322724e+04
  +0.130000   +5.182133407089509e+03   +7.691952522264523e+04
  +0.140000   +5.977493282372806e+03   +8.213560265580122e+04
  +0.150000   +6.824508120308615e+03   +8.725047788810206e+04
  +0.160000   +7.722164691204487e+03   +9.226390819982902e+04
  +0.170000   +8.669447302190440e+03   +9.717564362545345e+04
  +0.180000   +9.665337723241933e+03   +1.019854266471425e+05
  +0.190000   +1.070881511005457e+04   +1.066929918713924e+05
  +0.200000   +1.179885592359591e+04   +1.112980656876393e+05
  +0.210000   +1.293443384614823e+04   +1.158003659076046e+05
  +0.220000   +1.411451969364281e+04   +1.201996013840292e+05
  +0.230000   +1.533808132407247e+04   +1.244954716073391e+05
  +0.240000   +1.660408354175390e+04   +1.286876662786591e+05
  +0.250000   +1.791148799719478e+04   +1.327758648574589e+05
  +0.260000   +1.925925308230280e+04   +1.367597360819630e+05
  +0.270000   +2.064633382065418e+04   +1.406389374602950e+05
  +0.280000   +2.207168175251823e+04   +1.444131147301415e+05
  +0.290000   +2.353424481431110e+04   +1.480819012845228e+05
  +0.300000   +2.503296721212697e+04   +1.516449175610366e+05
  +0.310000   +2.656678928896706e+04   +1.551017703916905e+05
  +0.320000   +2.813464738525701e+04   +1.584520523101748e+05
  +0.330000   +2.973547369220978e+04   +1.616953408131145e+05
  +0.340000   +3.136819609755540e+04   +1.648311975715125e+05
  +0.350000   +3.303173802311900e+04   +1.678591675882144e+05
  +0.360000   +3.472501825368442e+04   +1.707787782968086e+05
  +0.370000   +3.644695075653341e+04   +1.735895385969103e+05
  +0.380000   +3.819644449099646e+04   +1.762909378202500e+05
  +0.390000   +3.997240320729312e+04   +1.788824446214034e+05
  +0.400000   +4.177372523387471e+04   +1.813635057863385e+05
  +0.410000   +4.359930325241036e+04   +1.837335449512131e+05
  +0.420000   +4.544802405947782e+04   +1.859919612230188e+05
  +0.430000   +4.731876831393099e+04   +1.881381276927211e+05
  +0.440000   +4.921041026881890e+04   +1.901713898304750e+05
  +0.450000   +5.112181748661882e+04   +1.920910637512785e+05
  +0.460000   +5.305185053642497e+04   +1.938964343380459e+05
  +0.470000   +5.499936267159440e+04   +1.955867532075066e+05
  +0.480000   +5.696319948619904e+04   +1.971612365025383e+05
  +0.490000   +5.894219854845687e+04   +1.986190624924811e+05
  +0.500000   +6.093518900912083e+04   +1.999593689606178e+05
  +0.510000   +6.294099118258122e+04   +2.011812503552824e+05
  +0.520000   +6.495841609818784e+04   +2.022837546779219e+05
  +0.530000   +6.698626501901286e+04   +2.032658800778011e+05
  +0.540000   +6.902332892495181e+04   +2.041265711188270e+05
  +0.550000   +7.106838795669164e+04   +2.048647146790604e+05
  +0.560000   +7.312021081665163e+04   +2.054791354377527e+05
  +0.570000   +7.517755412251945e+04   +2.059685908980338e+05
  +0.580000   +7.723916170844647e+04   +2.063317658854841e+05
  +0.590000   +7.930376386832542e+04   +2.065672664535170e+05
  +0.600000   +8.137007653482663e+04   +2.066736131154709e+05
  +0.610000   +8.343680038700691e+04   +2.066492333102068e+05
  +0.620000   +8.550261987829550e+04   +2.064924529923641e+05
  +0.630000   +8.756620217548301e+04   +2.062014872196729e+05
  +0.640000   +8.962619599795355e+04   +2.057744295871381e+05
  +0.650000   +9.168123034476624e+04   +2.052092403305866e+05
  +0.660000   +9.372991309525675e+04   +2.045037328888398e+05
  +0.670000   +9.577082946652554e+04   +2.036555586731612e+05
  +0.680000   +9.780254030842519e+04   +2.026621897426964e+05
  +0.690000   +9.982358021334899e+04   +2.015208990228962e+05
  +0.700000   +1.018324554141231e+05   +2.002287376271080e+05
  +0.710000   +1.038276414384429e+05   +1.987825087453338e+05
  +0.720000   +1.058075804823528e+05   +1.971787374428491e+05
  +0.730000   +1.077706784579553e+05   +1.954136355572406e+05
  +0.740000   +1.097153016614747e+05   +1.934830606850206e+05
  +0.750000   +1.116397729964942e+05   +1.913824679939901e+05
  +0.760000   +1.135423676729580e+05   +1.891068532651609e+05
  +0.770000   +1.154213082844835e+05   +1.866506851305473e+05
  +0.780000   +1.172747591434224e+05   +1.840078238911596e+05
  +0.790000   +1.191008197232348e+05   +1.811714235164739e+05
  +0.800000   +1.208975170186993e+05   +1.781338123599734e+05
  +0.810000   +1.226627965828685e+05   +1.748863466526582e+05
  +0.820000   +1.243945119305731e+05   +1.714192287731552e+05
  +0.830000   +1.260904119044600e+05   +1.677212793555084e+05
  +0.840000   +1.277481254702193e+05   +1.637796480387426e+05
  +0.850000   +1.293651432263360e+05   +1.595794413710057e+05
  +0.860000   +1.309387946546597e+05   +1.551032368781528e+05
  +0.870000   +1.324662197601267e+05   +1.503304375968442e+05
  +0.880000   +1.339443331832343e+05   +1.452363979647763e+05
  +0.890000   +1.353697780019415e+05   +1.397912135225129e+05
  +0.900000   +1.367388650668788e+05   +1.339580014367739e+05
  +0.910000   +1.380474914601770e+05   +1.276903826455903e+05
  +0.920000   +1.392910278086110e+05   +1.209286595939328e+05
  +0.930000   +1.404641572281705e+05   +1.135937542121534e+05
  +0.940000   +1.415606353519841e+05   +1.055770567890343e+05
  +0.950000   +1.425729133113348e+05   +9.672220489974633e+04
  +0.960000   +1.434915024640289e+05   +8.678921520001751e+04
  +0.970000   +1.443037945685066e+05   +7.537410652150163e+04
  +0.980000   +1.449915248201021e+05   +6.168917759212795e+04
  +0.990000   +1.455237290975011e+05   +4.370081954879913e+04
  +1.000000   +1.458152137097068e+05   +0.000000000000000e+00
