# dp/dPsi( Psi ) for D_tcv_conventional, from D_tcv_conventional_shaped.npz
#
# Psi = 1 - psi_n: freegs4e's normalised flux is 0 on the AXIS and
# 1 on the boundary, and MEQ's is the other way up.
# The values are d/dpsi in the reference and d/dPsi here, so they
# carry a factor of the span 1.848073210639812e-02.
# Amplitude 4.603429899789140e+05, shape ( 1 - psi_n^1.5 )^2.
#
#   Psi            value                    d/dPsi
  -0.300000   +1.978361481347723e+03   +1.403285725933096e+04
  -0.290000   +1.840781980960664e+03   +1.348396572761724e+04
  -0.280000   +1.708663700197357e+03   +1.294061417858138e+04
  -0.270000   +1.581951213746083e+03   +1.240280772579306e+04
  -0.260000   +1.460589044657415e+03   +1.187055158368403e+04
  -0.250000   +1.344521663321642e+03   +1.134385107035553e+04
  -0.240000   +1.233693486417613e+03   +1.082271161048690e+04
  -0.230000   +1.128048875831986e+03   +1.030713873835013e+04
  -0.220000   +1.027532137547756e+03   +9.797138100934691e+03
  -0.210000   +9.320875205009856e+02   +9.292715461188078e+03
  -0.200000   +8.416592154045187e+02   +8.793876701376994e+03
  -0.190000   +7.561913535374605e+02   +8.300627826574939e+03
  -0.180000   +6.756280054991199e+02   +7.812974968281876e+03
  -0.170000   +5.999131799260750e+02   +7.330924388182301e+03
  -0.160000   +5.289908221709363e+02   +6.854482482048153e+03
  -0.150000   +4.628048129413284e+02   +6.383655783793450e+03
  -0.140000   +4.012989668975379e+02   +5.918450969687970e+03
  -0.130000   +3.444170312071930e+02   +5.458874862737588e+03
  -0.120000   +2.921026840552804e+02   +5.004934437239514e+03
  -0.110000   +2.442995331076867e+02   +4.556636823520857e+03
  -0.100000   +2.009511139264228e+02   +4.113989312869952e+03
  -0.090000   +1.620008883344995e+02   +3.676999362669587e+03
  -0.080000   +1.273922427284495e+02   +3.245674601742965e+03
  -0.070000   +9.706848633626171e+01   +2.820022835922721e+03
  -0.060000   +7.097284941846901e+01   +2.400052053854812e+03
  -0.050000   +4.904848140997286e+01   +1.985770433049377e+03
  -0.040000   +3.123844900006983e+01   +1.577186346191566e+03
  -0.030000   +1.748573414801130e+01   +1.174308367726061e+03
  -0.020000   +7.733232031291492e+00   +7.771452807300578e+02
  -0.010000   +1.923748923697091e+00   +3.857060840901794e+02
  +0.000000   +0.000000000000000e+00   +0.000000000000000e+00
  +0.010000   +1.904607063998383e+00   +3.799635182042084e+02
  +0.020000   +7.580096196431225e+00   +7.541747778505940e+02
  +0.030000   +1.696889531909530e+01   +1.122623838361677e+03
  +0.040000   +3.001333167128688e+01   +1.485300502285655e+03
  +0.050000   +4.665562919446850e+01   +1.842194305906174e+03
  +0.060000   +6.683790582082510e+01   +2.193294509406105e+03
  +0.070000   +9.050217066111802e+01   +2.538590086559111e+03
  +0.080000   +1.175903210869805e+02   +2.878069713921087e+03
  +0.090000   +1.480441397024995e+02   +3.211721759491383e+03
  +0.100000   +1.818052911996284e+02   +3.539534270811768e+03
  +0.110000   +2.188153190916350e+02   +3.861494962468622e+03
  +0.120000   +2.590156423184320e+02   +4.177591202961368e+03
  +0.130000   +3.023475517172647e+02   +4.487810000897469e+03
  +0.140000   +3.487522063517957e+02   +4.792137990471195e+03
  +0.150000   +3.981706296922166e+02   +5.090561416180335e+03
  +0.160000   +4.505437056385022e+02   +5.383066116731282e+03
  +0.170000   +5.058121743784452e+02   +5.669637508079264e+03
  +0.180000   +5.639166280715251e+02   +5.950260565546188e+03
  +0.190000   +6.247975063490919e+02   +6.224919804954055e+03
  +0.200000   +6.883950916206799e+02   +6.493599262706864e+03
  +0.210000   +7.546495041755868e+02   +6.756282474748512e+03
  +0.220000   +8.235006970680851e+02   +7.012952454318133e+03
  +0.230000   +8.948884507738250e+02   +7.263591668417859e+03
  +0.240000   +9.687523676040917e+02   +7.508182012900645e+03
  +0.250000   +1.045031865863633e+03   +7.746704786078019e+03
  +0.260000   +1.123666173736708e+03   +7.979140660738798e+03
  +0.270000   +1.204594322884889e+03   +8.205469654460256e+03
  +0.280000   +1.287755141738915e+03   +8.425671098082667e+03
  +0.290000   +1.373087248465503e+03   +8.639723602206335e+03
  +0.300000   +1.460529043588634e+03   +8.847605021557467e+03
  +0.310000   +1.550018702243128e+03   +9.049292417054707e+03
  +0.320000   +1.641494166036639e+03   +9.244762015392440e+03
  +0.330000   +1.734893134494226e+03   +9.433989165939171e+03
  +0.340000   +1.830153056057578e+03   +9.616948294729757e+03
  +0.350000   +1.927211118608627e+03   +9.793612855308345e+03
  +0.360000   +2.026004239484733e+03   +9.963955276154424e+03
  +0.370000   +2.126469054949833e+03   +1.012794690439719e+04
  +0.380000   +2.228541909082834e+03   +1.028555794549279e+04
  +0.390000   +2.332158842041109e+03   +1.043675739850483e+04
  +0.400000   +2.437255577653172e+03   +1.058151298658998e+04
  +0.410000   +2.543767510290412e+03   +1.071979108224717e+04
  +0.420000   +2.651629690963129e+03   +1.085155662684021e+04
  +0.430000   +2.760776812580889e+03   +1.097677304384800e+04
  +0.440000   +2.871143194311544e+03   +1.109540214523476e+04
  +0.450000   +2.982662764966729e+03   +1.120740403026079e+04
  +0.460000   +3.095269045334574e+03   +1.131273697597476e+04
  +0.470000   +3.208895129372199e+03   +1.141135731853556e+04
  +0.480000   +3.323473664161681e+03   +1.150321932440776e+04
  +0.490000   +3.438936828522877e+03   +1.158827505035375e+04
  +0.500000   +3.555216310165177e+03   +1.166647419100837e+04
  +0.510000   +3.672243281247252e+03   +1.173776391266245e+04
  +0.520000   +3.789948372199291e+03   +1.180208867169928e+04
  +0.530000   +3.908261643645595e+03   +1.185939001591527e+04
  +0.540000   +4.027112556246504e+03   +1.190960636671071e+04
  +0.550000   +4.146429938257148e+03   +1.195267277984996e+04
  +0.560000   +4.266141950575804e+03   +1.198852068215613e+04
  +0.570000   +4.386176049026464e+03   +1.201707758111365e+04
  +0.580000   +4.506458943587617e+03   +1.203826674389172e+04
  +0.590000   +4.626916554241869e+03   +1.205200684175863e+04
  +0.600000   +4.747473963077450e+03   +1.205821155521334e+04
  +0.610000   +4.868055362222351e+03   +1.205678913439668e+04
  +0.620000   +4.988583997132911e+03   +1.204764190843134e+04
  +0.630000   +5.108982104689959e+03   +1.203066573624589e+04
  +0.640000   +5.229170845474705e+03   +1.200574939012049e+04
  +0.650000   +5.349070229501306e+03   +1.197277386159753e+04
  +0.660000   +5.468599034570044e+03   +1.193161157746208e+04
  +0.670000   +5.587674716270676e+03   +1.188212551112706e+04
  +0.680000   +5.706213308504794e+03   +1.182416817184530e+04
  +0.690000   +5.824129313202906e+03   +1.175758045056874e+04
  +0.700000   +5.941335577678582e+03   +1.168219029679430e+04
  +0.710000   +6.057743157778376e+03   +1.159781119512374e+04
  +0.720000   +6.173261164639532e+03   +1.150424040318749e+04
  +0.730000   +6.287796592440857e+03   +1.140125690358959e+04
  +0.740000   +6.401254124003501e+03   +1.128861901101353e+04
  +0.750000   +6.513535910438635e+03   +1.116606156075195e+04
  +0.760000   +6.624541320209089e+03   +1.103329258553182e+04
  +0.770000   +6.734166651918936e+03   +1.088998936198099e+04
  +0.780000   +6.842304803797038e+03   +1.073579367412699e+04
  +0.790000   +6.948844891097449e+03   +1.057030609563221e+04
  +0.800000   +7.053671800361800e+03   +1.039307903023468e+04
  +0.810000   +7.156665666477422e+03   +1.020360816394064e+04
  +0.820000   +7.257701254433034e+03   +1.000132186213514e+04
  +0.830000   +7.356647222200015e+03   +9.785567873387919e+03
  +0.840000   +7.453365233621743e+03   +9.555596453361206e+03
  +0.850000   +7.547708879614410e+03   +9.310538655165690e+03
  +0.860000   +7.639522350869154e+03   +9.049377978069191e+03
  +0.870000   +7.728638783193656e+03   +8.770912708231210e+03
  +0.880000   +7.814878163682318e+03   +8.473704919446891e+03
  +0.890000   +7.898044635324013e+03   +8.156009859239643e+03
  +0.900000   +7.977922957561967e+03   +7.815675627326986e+03
  +0.910000   +8.054273748837431e+03   +7.449996273333702e+03
  +0.920000   +8.126826911962503e+03   +7.055488789743649e+03
  +0.930000   +8.195272237466103e+03   +6.627539427956698e+03
  +0.940000   +8.259245402609447e+03   +6.159811438665224e+03
  +0.950000   +8.318305974506020e+03   +5.643181977547420e+03
  +0.960000   +8.371900345691278e+03   +5.063649402635856e+03
  +0.970000   +8.419292898096839e+03   +4.397643746198274e+03
  +0.980000   +8.459417985870019e+03   +3.599207188860638e+03
  +0.990000   +8.490469031384384e+03   +2.549690399815131e+03
  +1.000000   +8.507475474858626e+03   +0.000000000000000e+00
