# dp/dPsi( Psi ) for D_tcv_conventional, from D_tcv_conventional.npz
#
# Psi = 1 - psi_n: freegs4e's normalised flux is 0 on the AXIS and
# 1 on the boundary, and MEQ's is the other way up.
# The values are d/dpsi in the reference and d/dPsi here, so they
# carry a factor of the span 1.846917717363169e-02.
# Amplitude 4.615693137791951e+05, shape ( 1 - psi_n^1.5 )^2.
#
#   Psi            value                    d/dPsi
  -0.300000   +1.982391457565333e+03   +1.406144257174904e+04
  -0.290000   +1.844531703989048e+03   +1.351143293303632e+04
  -0.280000   +1.712144294689622e+03   +1.296697456209705e+04
  -0.270000   +1.585173691452469e+03   +1.242807258291740e+04
  -0.260000   +1.463564304320103e+03   +1.189473222055105e+04
  -0.250000   +1.347260490567488e+03   +1.136695880393235e+04
  -0.240000   +1.236206553648733e+03   +1.084475776879090e+04
  -0.230000   +1.130346742114142e+03   +1.032813466067210e+04
  -0.220000   +1.029625248496482e+03   +9.817095138068527e+03
  -0.210000   +9.339862081653812e+02   +9.311644975666944e+03
  -0.200000   +8.433736981486438e+02   +8.811790067716396e+03
  -0.190000   +7.577317359192698e+02   +8.317536431522880e+03
  -0.180000   +6.770042781468557e+02   +7.828890211076387e+03
  -0.170000   +6.011352194120469e+02   +7.345857680816641e+03
  -0.160000   +5.300683908826111e+02   +6.868445249543940e+03
  -0.150000   +4.637475589496456e+02   +6.396659464482063e+03
  -0.140000   +4.021164238223699e+02   +5.930507015500531e+03
  -0.130000   +3.451186180798607e+02   +5.469994739503868e+03
  -0.120000   +2.926977051780334e+02   +5.015129624996118e+03
  -0.110000   +2.447971779100544e+02   +4.565918816829059e+03
  -0.100000   +2.013604568183366e+02   +4.122369621143582e+03
  -0.090000   +1.623308885560843e+02   +3.684489510513362e+03
  -0.080000   +1.276517441963784e+02   +3.252286129301727e+03
  -0.070000   +9.726621748656093e+01   +2.825767299242004e+03
  -0.060000   +7.111742304565954e+01   +2.404941025253240e+03
  -0.050000   +4.914839450242622e+01   +1.989815501503384e+03
  -0.040000   +3.130208257145313e+01   +1.580399117732974e+03
  -0.030000   +1.752135306468973e+01   +1.176700465853069e+03
  -0.020000   +7.748984835551578e+00   +7.787283468322327e+02
  -0.010000   +1.927667652647409e+00   +3.864917778880651e+02
  +0.000000   +0.000000000000000e+00   +0.000000000000000e+00
  +0.010000   +1.908486800459172e+00   +3.807375142389873e+02
  +0.020000   +7.595537058825091e+00   +7.557110524128084e+02
  +0.030000   +1.700346142100327e+01   +1.124910653694756e+03
  +0.040000   +3.007446964530573e+01   +1.488326099860542e+03
  +0.050000   +4.675066798179024e+01   +1.845946905878936e+03
  +0.060000   +6.697405645529322e+01   +2.197762310055509e+03
  +0.070000   +9.068652604755525e+01   +2.543761263703201e+03
  +0.080000   +1.178298557735732e+02   +2.883932420311743e+03
  +0.090000   +1.483457096470130e+02   +3.218264124185784e+03
  +0.100000   +1.821756335292168e+02   +3.546744398519607e+03
  +0.110000   +2.192610518559968e+02   +3.869360932873873e+03
  +0.120000   +2.595432642360510e+02   +4.186101070017293e+03
  +0.130000   +3.029634419144612e+02   +4.496951792093510e+03
  +0.140000   +3.494626240943001e+02   +4.801899706070281e+03
  +0.150000   +3.989817141089620e+02   +5.100931028425068e+03
  +0.160000   +4.514614754373158e+02   +5.394031569017317e+03
  +0.170000   +5.068425275533028e+02   +5.681186714094165e+03
  +0.180000   +5.650653416010135e+02   +5.962381408371836e+03
  +0.190000   +6.260702358857050e+02   +6.237600136130643e+03
  +0.200000   +6.897973711705530e+02   +6.506826901256302e+03
  +0.210000   +7.561867457682541e+02   +6.770045206154980e+03
  +0.220000   +8.251781904158169e+02   +7.027238029463318e+03
  +0.230000   +8.967113629200802e+02   +7.278387802468253e+03
  +0.240000   +9.707257425605926e+02   +7.523476384144095e+03
  +0.250000   +1.047160624235539e+03   +7.762485034706531e+03
  +0.260000   +1.125955112335334e+03   +7.995394387574319e+03
  +0.270000   +1.207048114327385e+03   +8.222184419619993e+03
  +0.280000   +1.290378334034277e+03   +8.442834419580184e+03
  +0.290000   +1.375884264586262e+03   +8.657322954484411e+03
  +0.300000   +1.463504181027512e+03   +8.865627833948352e+03
  +0.310000   +1.553176132553910e+03   +9.067726072163117e+03
  +0.320000   +1.644837934358476e+03   +9.263593847396223e+03
  +0.330000   +1.738427159058505e+03   +9.453206458802164e+03
  +0.340000   +1.833881127676458e+03   +9.636538280320936e+03
  +0.350000   +1.931136900144272e+03   +9.813562711420831e+03
  +0.360000   +2.030131265298205e+03   +9.984252124417400e+03
  +0.370000   +2.130800730328537e+03   +1.014857780807316e+04
  +0.380000   +2.233081509645332e+03   +1.030650990715197e+04
  +0.390000   +2.336909513118020e+03   +1.045801735756767e+04
  +0.400000   +2.442220333642804e+03   +1.060306781672812e+04
  +0.410000   +2.548949233987648e+03   +1.074162758863213e+04
  +0.420000   +2.657031132859991e+03   +1.087366154322810e+04
  +0.430000   +2.766400590137077e+03   +1.099913302948757e+04
  +0.440000   +2.876991791193113e+03   +1.111800378158468e+04
  +0.450000   +2.988738530250927e+03   +1.123023381750085e+04
  +0.460000   +3.101574192678680e+03   +1.133578132929395e+04
  +0.470000   +3.215431736144064e+03   +1.143460256417845e+04
  +0.480000   +3.330243670529426e+03   +1.152665169545844e+04
  +0.490000   +3.445942036501031e+03   +1.161188068223466e+04
  +0.500000   +3.562458382614275e+03   +1.169023911666851e+04
  +0.510000   +3.679723740823639e+03   +1.176167405742716e+04
  +0.520000   +3.797668600251612e+03   +1.182612984775001e+04
  +0.530000   +3.916222879054080e+03   +1.188354791636476e+04
  +0.540000   +4.035315894200828e+03   +1.193386655923439e+04
  +0.550000   +4.154876328968202e+03   +1.197702069983011e+04
  +0.560000   +4.274832197916274e+03   +1.201294162528958e+04
  +0.570000   +4.395110809094572e+03   +1.204155669542802e+04
  +0.580000   +4.515638723187815e+03   +1.206278902110776e+04
  +0.590000   +4.636341709275598e+03   +1.207655710792823e+04
  +0.600000   +4.757144696836324e+03   +1.208277446055323e+04
  +0.610000   +4.877971723575281e+03   +1.208134914222663e+04
  +0.620000   +4.998745878597718e+03   +1.207218328311287e+04
  +0.630000   +5.119389240378867e+03   +1.205517253000234e+04
  +0.640000   +5.239822808901898e+03   +1.203020542860129e+04
  +0.650000   +5.359966431239186e+03   +1.199716272802865e+04
  +0.660000   +5.479738719739182e+03   +1.195591659519937e+04
  +0.670000   +5.599056961846430e+03   +1.190632972439949e+04
  +0.680000   +5.717837020421293e+03   +1.184825432443916e+04
  +0.690000   +5.835993223232384e+03   +1.178153096216086e+04
  +0.700000   +5.953438240060875e+03   +1.170598723658996e+04
  +0.710000   +6.070082945571659e+03   +1.162143625239126e+04
  +0.720000   +6.185836265758890e+03   +1.152767485420345e+04
  +0.730000   +6.300605005345987e+03   +1.142448157441215e+04
  +0.740000   +6.414293652990406e+03   +1.131161423538125e+04
  +0.750000   +6.526804160482472e+03   +1.118880713225567e+04
  +0.760000   +6.638035691295829e+03   +1.105576770301709e+04
  +0.770000   +6.747884332791982e+03   +1.091217256689706e+04
  +0.780000   +6.856242765030573e+03   +1.075766277822743e+04
  +0.790000   +6.962999877390403e+03   +1.059183809702825e+04
  +0.800000   +7.068040321923855e+03   +1.041425001527178e+04
  +0.810000   +7.171243989349763e+03   +1.022439319166292e+04
  +0.820000   +7.272485389549715e+03   +1.002169482715143e+04
  +0.830000   +7.371632912947803e+03   +9.805501341653131e+03
  +0.840000   +7.468547941592885e+03   +9.575061463580618e+03
  +0.850000   +7.563083768161860e+03   +9.329504475976099e+03
  +0.860000   +7.655084265958064e+03   +9.067811807467719e+03
  +0.870000   +7.744382230882272e+03   +8.788779296291157e+03
  +0.880000   +7.830797283337693e+03   +8.490966087146715e+03
  +0.890000   +7.914133167347138e+03   +8.172623873449492e+03
  +0.900000   +7.994174203902952e+03   +7.831596371437524e+03
  +0.910000   +8.070680523819637e+03   +7.465172118640984e+03
  +0.920000   +8.143381479713958e+03   +7.069861012562561e+03
  +0.930000   +8.211966230209699e+03   +6.641039906270572e+03
  +0.940000   +8.276069710432730e+03   +6.172359142326474e+03
  +0.950000   +8.335250590322756e+03   +5.654677292926119e+03
  +0.960000   +8.388954134701744e+03   +5.073964194376058e+03
  +0.970000   +8.436443227027277e+03   +4.406601866277840e+03
  +0.980000   +8.476650050697046e+03   +3.606538871927717e+03
  +0.990000   +8.507764348036790e+03   +2.554884188599638e+03
  +1.000000   +8.524805434099555e+03   +0.000000000000000e+00
