# dgg/dPsi( Psi ) for G_mastu_simple, from G_mastu_simple.npz
#
# Psi = 1 - psi_n: freegs4e's normalised flux is 0 on the AXIS and
# 1 on the boundary, and MEQ's is the other way up.
# The values are d/dpsi in the reference and d/dPsi here, so they
# carry a factor of the span 8.333814835308873e-02.
# Amplitude 4.271563518996171e-01, shape ( 1 - psi_n^1.2 )^1.5.
#
#   Psi            value                    d/dPsi
  -0.300000   -8.013032876043368e-03   +4.107844174470954e-02
  -0.290000   -7.606089672752629e-03   +4.030863312304810e-02
  -0.280000   -7.206892402094120e-03   +3.952916636199291e-02
  -0.270000   -6.815540393501351e-03   +3.873948340744480e-02
  -0.260000   -6.432138821420699e-03   +3.793897216509841e-02
  -0.250000   -6.056799282066441e-03   +3.712695902374209e-02
  -0.240000   -5.689640451573269e-03   +3.630270000545086e-02
  -0.230000   -5.330788840812011e-03   +3.546537022256225e-02
  -0.220000   -4.980379665772598e-03   +3.461405122939316e-02
  -0.210000   -4.638557857126592e-03   +3.374771573288275e-02
  -0.200000   -4.305479238738700e-03   +3.286520895763215e-02
  -0.190000   -3.981311913043681e-03   +3.196522572773094e-02
  -0.180000   -3.666237902120794e-03   +3.104628200100003e-02
  -0.170000   -3.360455108129370e-03   +3.010667912576660e-02
  -0.160000   -3.064179677229215e-03   +2.914445841524855e-02
  -0.150000   -2.777648879817297e-03   +2.815734263637867e-02
  -0.140000   -2.501124660955817e-03   +2.714265950109824e-02
  -0.130000   -2.234898074797917e-03   +2.609723991118239e-02
  -0.120000   -1.979294906431168e-03   +2.501727998654478e-02
  -0.110000   -1.734682922229848e-03   +2.389814979257594e-02
  -0.100000   -1.501481407972882e-03   +2.273412126522259e-02
  -0.090000   -1.280174012392716e-03   +2.151796932382968e-02
  -0.080000   -1.071326528112456e-03   +2.024036560534173e-02
  -0.070000   -8.756123494761255e-04   +1.888891579048750e-02
  -0.060000   -6.938504707641938e-04   +1.744654564518592e-02
  -0.050000   -5.270652880909299e-04   +1.588860056121905e-02
  -0.040000   -3.765875374777801e-04   +1.417712922422033e-02
  -0.030000   -2.442420774504850e-04   +1.224805860086331e-02
  -0.020000   -1.327523712766556e-04   +9.976092002514885e-03
  -0.010000   -4.686536170785782e-05   +7.036789852292421e-03
  +0.000000   +0.000000000000000e+00   +0.000000000000000e+00
  +0.010000   +4.672497420342547e-05   +7.001692677843061e-03
  +0.020000   +1.319581943078675e-04   +9.876816505358368e-03
  +0.030000   +2.420534667571384e-04   +1.206566041652702e-02
  +0.040000   +3.720944209391433e-04   +1.389627121256188e-02
  +0.050000   +5.192153849890930e-04   +1.549602187626770e-02
  +0.060000   +6.814662620758246e-04   +1.693037871112675e-02
  +0.070000   +8.574029604053621e-04   +1.823830880715203e-02
  +0.080000   +1.045896625746237e-03   +1.944524718960480e-02
  +0.090000   +1.246030768175959e-03   +2.056888970951354e-02
  +0.100000   +1.457040117581015e-03   +2.162213895263746e-02
  +0.110000   +1.678271646747169e-03   +2.261474713325205e-02
  +0.120000   +1.909158372546152e-03   +2.355429818937121e-02
  +0.130000   +2.149200996824503e-03   +2.444682763576675e-02
  +0.140000   +2.397954600453486e-03   +2.529723127910685e-02
  +0.150000   +2.655018727682682e-03   +2.610954459907151e-02
  +0.160000   +2.920029822065125e-03   +2.688713957793821e-02
  +0.170000   +3.192655339882454e-03   +2.763286698092570e-02
  +0.180000   +3.472589089281636e-03   +2.834916150729623e-02
  +0.190000   +3.759547483800313e-03   +2.903812101331997e-02
  +0.200000   +4.053266490518461e-03   +2.970156721899366e-02
  +0.210000   +4.353499114391922e-03   +3.034109292784394e-02
  +0.220000   +4.660013302374928e-03   +3.095809924908272e-02
  +0.230000   +4.972590180391465e-03   +3.155382529123718e-02
  +0.240000   +5.291022557235373e-03   +3.212937210570829e-02
  +0.250000   +5.615113644736095e-03   +3.268572218184660e-02
  +0.260000   +5.944675954771366e-03   +3.322375546000018e-02
  +0.270000   +6.279530342110444e-03   +3.374426258964335e-02
  +0.280000   +6.619505168429780e-03   +3.424795598622828e-02
  +0.290000   +6.964435567710466e-03   +3.473547911297922e-02
  +0.300000   +7.314162796992051e-03   +3.520741431908064e-02
  +0.310000   +7.668533659399069e-03   +3.566428949441824e-02
  +0.320000   +8.027399988674796e-03   +3.610658374682417e-02
  +0.330000   +8.390618186299405e-03   +3.653473226615295e-02
  +0.340000   +8.758048803744707e-03   +3.694913050725070e-02
  +0.350000   +9.129556163607179e-03   +3.735013779865539e-02
  +0.360000   +9.505008014326129e-03   +3.773808046397725e-02
  +0.370000   +9.884275213981136e-03   +3.811325452710505e-02
  +0.380000   +1.026723143930901e-02   +3.847592805972854e-02
  +0.390000   +1.065375291661243e-02   +3.882634321945743e-02
  +0.400000   +1.104371817167240e-02   +3.916471801851941e-02
  +0.410000   +1.143700779614130e-02   +3.949124785622509e-02
  +0.420000   +1.183350422819653e-02   +3.980610684277997e-02
  +0.430000   +1.223309154548606e-02   +4.010944893735906e-02
  +0.440000   +1.263565526860684e-02   +4.040140891944457e-02
  +0.450000   +1.304108217352935e-02   +4.068210320910794e-02
  +0.460000   +1.344926011152433e-02   +4.095163054907398e-02
  +0.470000   +1.386007783526327e-02   +4.121007255893585e-02
  +0.480000   +1.427342482985661e-02   +4.145749416971631e-02
  +0.490000   +1.468919114766630e-02   +4.169394394502126e-02
  +0.500000   +1.510726724578198e-02   +4.191945429325446e-02
  +0.510000   +1.552754382508714e-02   +4.213404157369917e-02
  +0.520000   +1.594991166986102e-02   +4.233770609768517e-02
  +0.530000   +1.637426148686696e-02   +4.253043202450055e-02
  +0.540000   +1.680048374286617e-02   +4.271218715013798e-02
  +0.550000   +1.722846849946923e-02   +4.288292258534251e-02
  +0.560000   +1.765810524419338e-02   +4.304257231770831e-02
  +0.570000   +1.808928271653220e-02   +4.319105265070805e-02
  +0.580000   +1.852188872776294e-02   +4.332826151047508e-02
  +0.590000   +1.895580997311350e-02   +4.345407760883382e-02
  +0.600000   +1.939093183478324e-02   +4.356835944841352e-02
  +0.610000   +1.982713817415479e-02   +4.367094415259319e-02
  +0.620000   +2.026431111134419e-02   +4.376164609940286e-02
  +0.630000   +2.070233079000698e-02   +4.384025533421068e-02
  +0.640000   +2.114107512504118e-02   +4.390653573088451e-02
  +0.650000   +2.158041953049495e-02   +4.396022286491624e-02
  +0.660000   +2.202023662458545e-02   +4.400102155445665e-02
  +0.670000   +2.246039590824993e-02   +4.402860301597557e-02
  +0.680000   +2.290076341306236e-02   +4.404260156987126e-02
  +0.690000   +2.334120131363436e-02   +4.404261081720241e-02
  +0.700000   +2.378156749874527e-02   +4.402817919100886e-02
  +0.710000   +2.422171509437395e-02   +4.399880476336217e-02
  +0.720000   +2.466149193047996e-02   +4.395392916092880e-02
  +0.730000   +2.510073994173602e-02   +4.389293040550674e-02
  +0.740000   +2.553929449035336e-02   +4.381511444908667e-02
  +0.750000   +2.597698359654548e-02   +4.371970511185014e-02
  +0.760000   +2.641362705887633e-02   +4.360583205107021e-02
  +0.770000   +2.684903544250946e-02   +4.347251628193138e-02
  +0.780000   +2.728300890790247e-02   +4.331865262752983e-02
  +0.790000   +2.771533584533662e-02   +4.314298827977028e-02
  +0.800000   +2.814579127121518e-02   +4.294409638343481e-02
  +0.810000   +2.857413492941080e-02   +4.272034317920174e-02
  +0.820000   +2.900010902378851e-02   +4.246984670719765e-02
  +0.830000   +2.942343548443287e-02   +4.219042430191213e-02
  +0.840000   +2.984381263712392e-02   +4.187952497652160e-02
  +0.850000   +3.026091109867805e-02   +4.153414109543360e-02
  +0.860000   +3.067436865267282e-02   +4.115069112624166e-02
  +0.870000   +3.108378375905283e-02   +4.072486115727173e-02
  +0.880000   +3.148870719746553e-02   +4.025138621578208e-02
  +0.890000   +3.188863110376322e-02   +3.972374128608784e-02
  +0.900000   +3.228297427048295e-02   +3.913369256583155e-02
  +0.910000   +3.267106192968705e-02   +3.847062432719002e-02
  +0.920000   +3.305209709138313e-02   +3.772048946502518e-02
  +0.930000   +3.342511839081676e-02   +3.686409485936170e-02
  +0.940000   +3.378893521024511e-02   +3.587413193158313e-02
  +0.950000   +3.414202186825208e-02   +3.470963620399622e-02
  +0.960000   +3.448233131223784e-02   +3.330457177301664e-02
  +0.970000   +3.480693009607761e-02   +3.154078321866474e-02
  +0.980000   +3.511115771482770e-02   +2.916849565198960e-02
  +0.990000   +3.538605134851411e-02   +2.545874649829465e-02
  +1.000000   +3.559841942457447e-02   +0.000000000000000e+00
