# dgg/dPsi( Psi ) for F_diiid_conventional, from F_diiid_conventional_shaped.npz
#
# Psi = 1 - psi_n: freegs4e's normalised flux is 0 on the AXIS and
# 1 on the boundary, and MEQ's is the other way up.
# The values are d/dpsi in the reference and d/dPsi here, so they
# carry a factor of the span 3.050312803227917e-01.
# Amplitude 2.121420144975519e+00, shape ( 1 - psi_n^1.5 )^2.
#
#   Psi            value                    d/dPsi
  -0.300000   +1.504790386958187e-01   +1.067373627341976e+00
  -0.290000   +1.400144036138659e-01   +1.025623587817203e+00
  -0.280000   +1.299651623246232e-01   +9.842949329966996e-01
  -0.270000   +1.203270990426010e-01   +9.433880518311487e-01
  -0.260000   +1.110959940546180e-01   +9.029033409430506e-01
  -0.250000   +1.022676236420229e-01   +8.628412048402615e-01
  -0.240000   +9.383776000073973e-02   +8.232020561372317e-01
  -0.230000   +8.580217115906377e-02   +7.839863157842949e-01
  -0.220000   +7.815662089312039e-02   +7.451944133053560e-01
  -0.210000   +7.089686863990509e-02   +7.068267870443712e-01
  -0.200000   +6.401866940781195e-02   +6.688838844210094e-01
  -0.190000   +5.751777368455892e-02   +6.313661621959266e-01
  -0.180000   +5.138992734240939e-02   +5.942740867460857e-01
  -0.170000   +4.563087154058910e-02   +5.576081343506063e-01
  -0.160000   +4.023634262478960e-02   +5.213687914876278e-01
  -0.150000   +3.520207202364588e-02   +4.855565551427163e-01
  -0.140000   +3.052378614206999e-02   +4.501719331293667e-01
  -0.130000   +2.619720625131643e-02   +4.152154444221823e-01
  -0.120000   +2.221804837565038e-02   +3.806876195033574e-01
  -0.110000   +1.858202317548086e-02   +3.465890007231043e-01
  -0.100000   +1.528483582681884e-02   +3.129201426747414e-01
  -0.090000   +1.232218589690558e-02   +2.796816125851400e-01
  -0.080000   +9.689767215859039e-03   +2.468739907213508e-01
  -0.070000   +7.383267744167905e-03   +2.144978708141971e-01
  -0.060000   +5.398369435862049e-03   +1.825538604997330e-01
  -0.050000   +3.730748097175060e-03   +1.510425817794867e-01
  -0.040000   +2.376073240506370e-03   +1.199646715004775e-01
  -0.030000   +1.330007933479836e-03   +8.932078185605088e-02
  -0.020000   +5.882086428854827e-04   +5.911158090865439e-02
  -0.010000   +1.463250732787460e-04   +2.933775313573111e-02
  +0.000000   +0.000000000000000e+00   +0.000000000000000e+00
  +0.010000   +1.448690963637742e-04   +2.890095945453811e-02
  +0.020000   +5.765607547533520e-04   +5.736438797942969e-02
  +0.030000   +1.290695901341517e-03   +8.538952946990956e-02
  +0.040000   +2.282887804142507e-03   +1.129756082827200e-01
  +0.050000   +3.548741874083332e-03   +1.401218285218668e-01
  +0.060000   +5.083855458764694e-03   +1.668273732904519e-01
  +0.070000   +6.883817628562243e-03   +1.930914039065887e-01
  +0.080000   +8.944208954698798e-03   +2.189130590812762e-01
  +0.090000   +1.126060127889542e-02   +2.442914540559441e-01
  +0.100000   +1.382855747418637e-02   +2.692256796972305e-01
  +0.110000   +1.664363119645711e-02   +2.937148015463679e-01
  +0.120000   +1.970136662623743e-02   +3.177578588203638e-01
  +0.130000   +2.299729820025324e-02   +3.413538633619586e-01
  +0.140000   +2.652695033220776e-02   +3.645017985351041e-01
  +0.150000   +3.028583712223140e-02   +3.872006180624803e-01
  +0.160000   +3.426946205440069e-02   +4.094492448012751e-01
  +0.170000   +3.847331768169025e-02   +4.312465694531840e-01
  +0.180000   +4.289288529767720e-02   +4.525914492042480e-01
  +0.190000   +4.752363459427413e-02   +4.734827062898161e-01
  +0.200000   +5.236102330471568e-02   +4.939191264795249e-01
  +0.210000   +5.740049683097275e-02   +5.138994574767848e-01
  +0.220000   +6.263748785470898e-02   +5.334224072267973e-01
  +0.230000   +6.806741593083365e-02   +5.524866421266343e-01
  +0.240000   +7.368568706263641e-02   +5.710907851303565e-01
  +0.250000   +7.948769325741718e-02   +5.892334137415549e-01
  +0.260000   +8.546881206144405e-02   +6.069130578850249e-01
  +0.270000   +9.162440607298644e-02   +6.241281976485609e-01
  +0.280000   +9.794982243207667e-02   +6.408772608850523e-01
  +0.290000   +1.044403922855488e-01   +6.571586206641657e-01
  +0.300000   +1.110914302257951e-01   +6.729705925619256e-01
  +0.310000   +1.178982337015540e-01   +6.883114317754009e-01
  +0.320000   +1.248560823989136e-01   +7.031793300485123e-01
  +0.330000   +1.319602375905646e-01   +7.175724123936169e-01
  +0.340000   +1.392059414511791e-01   +7.314887335920445e-01
  +0.350000   +1.465884163366137e-01   +7.449262744550900e-01
  +0.360000   +1.541028640244391e-01   +7.578829378251100e-01
  +0.370000   +1.617444649130907e-01   +7.703565442942989e-01
  +0.380000   +1.695083771766923e-01   +7.823448276163927e-01
  +0.390000   +1.773897358723480e-01   +7.938454297839430e-01
  +0.400000   +1.853836519964116e-01   +8.048558957408831e-01
  +0.410000   +1.934852114859175e-01   +8.153736676967990e-01
  +0.420000   +2.016894741610118e-01   +8.253960790056174e-01
  +0.430000   +2.099914726038177e-01   +8.349203475672111e-01
  +0.440000   +2.183862109687453e-01   +8.439435687056791e-01
  +0.450000   +2.268686637187507e-01   +8.524627074726532e-01
  +0.460000   +2.354337742815189e-01   +8.604745903178644e-01
  +0.470000   +2.440764536189190e-01   +8.679758960621978e-01
  +0.480000   +2.527915787024053e-01   +8.749631461004979e-01
  +0.490000   +2.615739908862565e-01   +8.814326937522289e-01
  +0.500000   +2.704184941696814e-01   +8.873807126676239e-01
  +0.510000   +2.793198533378337e-01   +8.928031841848565e-01
  +0.520000   +2.882727919706667e-01   +8.976958835198681e-01
  +0.530000   +2.972719903072968e-01   +9.020543646543303e-01
  +0.540000   +3.063120829521060e-01   +9.058739437685384e-01
  +0.550000   +3.153876564071817e-01   +9.091496810442441e-01
  +0.560000   +3.244932464138076e-01   +9.118763606370045e-01
  +0.570000   +3.336233350835838e-01   +9.140484685878396e-01
  +0.580000   +3.427723477972677e-01   +9.156601684089675e-01
  +0.590000   +3.519346498465872e-01   +9.167052740370808e-01
  +0.600000   +3.611045427909639e-01   +9.171772197986873e-01
  +0.610000   +3.702762604972550e-01   +9.170690269739027e-01
  +0.620000   +3.794439648261450e-01   +9.163732664756439e-01
  +0.630000   +3.886017409235840e-01   +9.150820170779553e-01
  +0.640000   +3.977435920695277e-01   +9.131868185269765e-01
  +0.650000   +4.068634340289722e-01   +9.106786187468021e-01
  +0.660000   +4.159550888416966e-01   +9.075477142050257e-01
  +0.670000   +4.250122779768964e-01   +9.037836823225114e-01
  +0.680000   +4.340286147666697e-01   +8.993753045903765e-01
  +0.690000   +4.429975960176267e-01   +8.943104787832062e-01
  +0.700000   +4.519125926821456e-01   +8.885761183166959e-01
  +0.710000   +4.607668394492180e-01   +8.821580363710481e-01
  +0.720000   +4.695534230884637e-01   +8.750408118631275e-01
  +0.730000   +4.782652693484387e-01   +8.672076336663574e-01
  +0.740000   +4.868951281701523e-01   +8.586401186013035e-01
  +0.750000   +4.954355569265281e-01   +8.493180975883339e-01
  +0.760000   +5.038789013354145e-01   +8.392193628787684e-01
  +0.770000   +5.122172736136545e-01   +8.283193673394037e-01
  +0.780000   +5.204425273371925e-01   +8.165908641825875e-01
  +0.790000   +5.285462283396063e-01   +8.040034720589657e-01
  +0.800000   +5.365196208082098e-01   +7.905231456962961e-01
  +0.810000   +5.443535875078074e-01   +7.761115257321998e-01
  +0.820000   +5.520386027555113e-01   +7.607251322323183e-01
  +0.830000   +5.595646763536789e-01   +7.443143533491017e-01
  +0.840000   +5.669212861140945e-01   +7.268221616847363e-01
  +0.850000   +5.740972958018508e-01   +7.081824630022416e-01
  +0.860000   +5.810808541778095e-01   +6.883179397565412e-01
  +0.870000   +5.878592691412149e-01   +6.671371866381347e-01
  +0.880000   +5.944188484678484e-01   +6.445308314442866e-01
  +0.890000   +6.007446947918680e-01   +6.203661640116039e-01
  +0.900000   +6.068204363872884e-01   +5.944795055134773e-01
  +0.910000   +6.126278653041567e-01   +5.666650347109367e-01
  +0.920000   +6.181464372862416e-01   +5.366578254882337e-01
  +0.930000   +6.233525570384256e-01   +5.041069447824893e-01
  +0.940000   +6.282185132773943e-01   +4.685304038604724e-01
  +0.950000   +6.327108055948565e-01   +4.292342967516816e-01
  +0.960000   +6.367873252458408e-01   +3.851536241406298e-01
  +0.970000   +6.403921193113176e-01   +3.344955963274153e-01
  +0.980000   +6.434441321475057e-01   +2.737645485686823e-01
  +0.990000   +6.458059510180989e-01   +1.939357210264562e-01
  +1.000000   +6.470995029244448e-01   +0.000000000000000e+00
